stu1 23 809 598 706
stu10 837 634 483 135
stu100 582 699 593 828
stu1000 791 24 434 648
stu101 935 833 223 398
stu102 582 485 347 596
stu103 773 169 1097 151
stu104 1001 83 198 686
stu105 181 481 596 860
stu106 117 953 543 547
stu107 1026 609 572 863
stu108 563 420 946 754
stu109 90 6 1151 1089
stu11 304 482 928 1007
stu110 490 753 941 101
stu111 177 875 669 16
stu112 957 866 701 393
stu113 602 552 509 1136
stu114 761 307 939 624
stu115 915 348 743 734
stu116 768 526 325 113
stu117 950 731 40 695
stu118 321 980 51 915
stu119 692 719 930 904
stu12 896 173 595 1090
stu120 840 469 134 279
stu121 1020 642 671 1036
stu122 205 447 498 375
stu123 50 78 1108 817
stu124 1021 688 930 808
stu125 674 225 341 250
stu126 42 809 3 1151
stu127 366 932 148 43
stu128 656 699 740 932
stu129 597 248 805 801
stu13 546 1080 835 670
stu130 694 558 13 743
stu131 1053 377 816 912
stu132 320 1001 975 994
stu133 63 571 499 522
stu134 218 501 928 1001
stu135 689 331 1043 600
stu136 285 1038 369 881
stu137 123 430 937 72
stu138 987 206 815 878
stu139 582 886 1045 157
stu14 1105 640 218 652
stu140 724 113 406 42
stu141 684 905 981 157
stu142 661 2 1157 605
stu143 750 293 43 1034
stu144 169 829 9 291
stu145 96 201 363 339
stu146 406 433 472 987
stu147 156 354 400 135
stu148 884 805 594 405
stu149 547 830 979 464
stu15 33 552 605 624
stu150 87 973 1068 836
stu151 522 366 1125 690
stu152 33 1133 236 546
stu153 172 598 140 995
stu154 286 611 76 441
stu155 220 475 993 1104
stu156 117 424 764 1082
stu157 509 581 801 595
stu158 809 1124 686 168
stu159 328 649 113 778
stu16 123 235 493 177
stu160 1037 349 579 46
stu161 946 719 1041 70
stu162 167 372 928 387
stu163 846 759 746 962
stu164 438 347 137 203
stu165 927 937 797 992
stu166 899 321 1159 482
stu167 225 110 97 99
stu168 458 1093 563 659
stu169 649 859 1146 72
stu17 462 324 998 554
stu170 68 912 458 913
stu171 926 459 1130 619
stu172 805 105 77 988
stu173 297 874 817 451
stu174 450 813 932 674
stu175 178 284 772 1053
stu176 215 172 968 863
stu177 1030 951 934 353
stu178 1118 647 103 137
stu179 1105 71 12 4
stu18 957 736 688 517
stu180 593 88 991 889
stu181 217 645 178 1084
stu182 713 365 1013 147
stu183 649 1041 455 863
stu184 468 260 981 754
stu185 467 9 1106 840
stu186 1073 47 233 272
stu187 535 244 275 1127
stu188 749 103 109 222
stu189 747 704 143 715
stu19 55 871 361 206
stu190 1069 1156 861 973
stu191 1034 154 673 757
stu192 831 909 348 135
stu193 173 292 231 84
stu194 338 463 355 872
stu195 1124 629 92 1128
stu196 1149 200 187 733
stu197 904 748 703 810
stu198 1159 402 620 1030
stu199 973 548 1042 641
stu2 25 610 804 823
stu20 1043 955 133 844
stu200 712 228 32 885
stu201 519 262 968 112
stu202 724 160 983 1103
stu203 44 330 1068 30
stu204 529 93 18 688
stu205 96 720 753 92
stu206 377 210 187 13
stu207 256 828 1143 483
stu208 859 865 1001 1120
stu209 1088 1112 1099 503
stu21 128 968 769 71
stu210 188 1039 546 517
stu211 200 993 302 710
stu212 1010 989 805 567
stu213 580 896 200 45
stu214 110 386 476 366
stu215 51 456 104 165
stu216 158 1105 122 83
stu217 310 476 585 916
stu218 770 386 270 970
stu219 216 989 517 63
stu22 863 242 722 895
stu220 816 578 1047 651
stu221 311 84 1113 839
stu222 888 426 460 938
stu223 881 563 359 1038
stu224 923 898 376 489
stu225 212 216 242 981
stu226 1019 929 44 72
stu227 756 979 552 827
stu228 394 855 733 1122
stu229 194 683 54 1081
stu23 794 164 774 172
stu230 1109 931 857 827
stu231 750 53 1121 510
stu232 950 752 998 417
stu233 968 495 654 824
stu234 262 1115 152 1017
stu235 931 703 1099 580
stu236 813 669 958 1007
stu237 189 267 925 135
stu238 36 1037 218 785
stu239 345 176 550 551
stu24 816 523 348 533
stu240 183 386 967 1150
stu241 880 876 68 397
stu242 829 637 251 1015
stu243 595 605 433 246
stu244 111 646 90 300
stu245 912 1014 852 203
stu246 145 1069 987 489
stu247 500 793 1039 683
stu248 16 100 1088 151
stu249 975 411 966 641
stu25 102 602 1086 1058
stu250 1047 54 912 480
stu251 659 600 1143 25
stu252 83 70 324 250
stu253 339 14 871 483
stu254 338 695 228 838
stu255 325 104 358 758
stu256 203 283 165 434
stu257 694 1130 330 578
stu258 439 79 313 353
stu259 678 293 378 16
stu26 175 1029 830 648
stu260 780 1119 266 375
stu261 388 1136 857 726
stu262 1086 1084 401 667
stu263 444 758 680 1064
stu264 296 100 335 989
stu265 485 665 823 180
stu266 1161 391 532 677
stu267 684 165 1110 719
stu268 540 213 1093 927
stu269 604 44 908 946
stu27 738 28 853 1036
stu270 1127 146 868 826
stu271 159 803 728 455
stu272 903 1062 699 643
stu273 982 359 822 981
stu274 6 610 913 689
stu275 30 860 663 569
stu276 329 594 752 188
stu277 1055 497 389 1019
stu278 643 94 1101 57
stu279 153 666 929 311
stu28 239 242 718 366
stu280 983 466 953 59
stu281 80 613 1039 85
stu282 478 45 29 507
stu283 160 692 332 488
stu284 541 1083 1094 433
stu285 417 320 707 315
stu286 832 645 372 984
stu287 566 556 132 387
stu288 1021 340 445 1101
stu289 208 739 441 685
stu29 465 324 436 583
stu290 39 470 448 198
stu291 417 35 1104 957
stu292 1117 1035 645 789
stu293 610 189 360 697
stu294 90 731 936 655
stu295 124 323 297 401
stu296 663 1159 757 126
stu297 1153 35 67 29
stu298 504 514 227 920
stu299 966 586 1132 920
stu3 43 415 1162 793
stu30 566 413 734 615
stu300 876 614 964 323
stu301 803 161 276 148
stu302 147 49 802 689
stu303 790 355 1089 290
stu304 351 683 833 342
stu305 717 899 370 477
stu306 668 1014 234 471
stu307 437 204 228 150
stu308 73 30 891 875
stu309 608 422 1022 755
stu31 994 345 42 647
stu310 470 1080 281 515
stu311 272 625 60 622
stu312 145 893 219 117
stu313 629 1007 593 135
stu314 858 83 605 551
stu315 704 89 1118 776
stu316 536 102 907 1143
stu317 523 22 735 249
stu318 1101 271 763 210
stu319 895 823 88 1039
stu32 123 390 17 224
stu320 553 724 412 437
stu321 568 260 571 682
stu322 342 432 488 301
stu323 520 443 1077 1055
stu324 963 77 291 323
stu325 98 282 989 37
stu326 552 590 664 285
stu327 668 7 579 476
stu328 731 246 912 554
stu329 506 739 73 103
stu33 991 358 538 3
stu330 8 560 404 527
stu331 259 736 837 59
stu332 812 383 799 909
stu333 664 626 201 472
stu334 471 865 12 394
stu335 127 1008 869 113
stu336 92 1036 667 597
stu337 612 1157 1117 619
stu338 973 358 401 69
stu339 349 493 545 416
stu34 225 205 1068 218
stu340 876 181 581 795
stu341 806 781 104 532
stu342 901 115 925 1028
stu343 1123 1049 396 470
stu344 923 1062 1066 372
stu345 313 276 247 123
stu346 1052 647 609 238
stu347 396 1153 654 527
stu348 171 72 159 233
stu349 108 681 20 1009
stu35 233 759 91 889
stu350 795 201 130 11
stu351 87 943 480 1009
stu352 99 801 637 411
stu353 1077 883 951 966
stu354 785 397 459 18
stu355 387 368 544 975
stu356 857 1121 463 965
stu357 639 901 67 689
stu358 1101 614 700 25
stu359 394 435 290 492
stu36 256 64 510 1138
stu360 74 926 158 406
stu361 1064 1108 627 686
stu362 342 341 1122 1146
stu363 709 921 215 403
stu364 879 1095 623 355
stu365 833 689 300 771
stu366 558 999 52 208
stu367 689 341 1117 18
stu368 104 113 423 5
stu369 476 305 1108 74
stu37 806 202 558 627
stu370 646 1067 57 610
stu371 826 689 1012 960
stu372 622 473 153 710
stu373 417 452 737 231
stu374 706 788 438 650
stu375 1128 392 668 487
stu376 922 346 909 236
stu377 651 110 309 552
stu378 15 783 1161 96
stu379 310 1010 1055 187
stu38 614 129 497 446
stu380 738 463 152 411
stu381 170 888 641 131
stu382 513 1078 781 896
stu383 725 286 638 485
stu384 631 802 1138 537
stu385 912 284 344 182
stu386 322 342 277 1049
stu387 608 587 73 601
stu388 306 225 1011 475
stu389 1112 489 606 881
stu39 892 538 348 1014
stu390 822 642 614 385
stu391 927 90 125 813
stu392 891 100 606 1058
stu393 801 949 77 1122
stu394 129 771 1009 1154
stu395 196 337 592 919
stu396 979 441 231 185
stu397 185 92 1065 263
stu398 733 934 1065 915
stu399 279 27 984 426
stu4 703 415 1152 333
stu40 183 365 76 11
stu400 544 427 321 600
stu401 213 816 559 759
stu402 424 823 750 1037
stu403 416 598 793 232
stu404 1038 280 416 478
stu405 371 736 1158 360
stu406 508 1060 112 786
stu407 342 351 49 141
stu408 777 788 740 246
stu409 441 137 1004 864
stu41 1140 613 432 202
stu410 215 1010 1157 630
stu411 445 43 862 738
stu412 322 533 471 693
stu413 525 467 308 1032
stu414 782 419 1073 1124
stu415 26 1122 102 802
stu416 3 842 303 443
stu417 234 563 562 866
stu418 410 556 334 110
stu419 599 451 103 176
stu42 73 337 837 723
stu420 239 573 868 763
stu421 295 13 1050 1077
stu422 850 961 294 875
stu423 176 395 932 178
stu424 492 73 620 1143
stu425 635 19 847 300
stu426 993 436 827 847
stu427 142 929 1022 380
stu428 757 1146 399 1052
stu429 414 286 222 519
stu43 351 184 449 1024
stu430 84 515 231 259
stu431 165 419 854 657
stu432 909 311 1055 799
stu433 748 1157 354 996
stu434 430 18 680 571
stu435 946 957 207 958
stu436 940 605 103 192
stu437 890 324 710 974
stu438 94 197 488 259
stu439 1033 180 171 779
stu44 247 215 255 308
stu440 908 63 833 911
stu441 58 24 744 905
stu442 41 679 314 242
stu443 474 938 455 669
stu444 380 558 116 107
stu445 881 82 336 231
stu446 696 80 489 566
stu447 259 1077 600 422
stu448 395 688 171 870
stu449 711 914 613 7
stu45 416 813 190 1029
stu450 849 182 248 160
stu451 1119 702 84 754
stu452 515 200 860 652
stu453 281 452 882 976
stu454 531 626 797 45
stu455 540 652 466 190
stu456 177 636 1060 887
stu457 806 928 893 492
stu458 365 396 1069 739
stu459 353 1152 330 868
stu46 197 1104 730 344
stu460 607 445 357 887
stu461 896 494 1118 682
stu462 1119 8 726 914
stu463 659 448 1103 835
stu464 339 256 977 1144
stu465 21 707 891 385
stu466 358 797 379 711
stu467 43 708 834 649
stu468 1153 28 792 142
stu469 521 3 824 895
stu47 480 1078 196 662
stu470 11 805 646 669
stu471 90 586 760 429
stu472 842 574 828 118
stu473 537 557 921 894
stu474 609 137 860 1069
stu475 845 531 556 91
stu476 558 603 232 334
stu477 605 1055 66 615
stu478 1116 1129 540 43
stu479 553 137 889 650
stu48 698 689 1091 675
stu480 710 555 767 84
stu481 367 525 234 975
stu482 662 1093 882 762
stu483 462 693 852 275
stu484 551 1083 1027 1155
stu485 232 348 1026 185
stu486 315 821 645 867
stu487 957 372 772 922
stu488 182 376 262 548
stu489 157 913 778 818
stu49 557 778 133 629
stu490 843 915 417 560
stu491 445 524 835 995
stu492 444 1117 244 1093
stu493 302 525 533 616
stu494 183 16 738 395
stu495 805 347 572 242
stu496 1141 89 789 135
stu497 1001 822 208 682
stu498 575 624 79 275
stu499 1147 169 526 846
stu5 939 374 67 490
stu50 370 969 190 1139
stu500 123 769 33 843
stu501 549 565 714 1149
stu502 998 290 799 1058
stu503 1054 626 137 288
stu504 715 181 422 553
stu505 1003 629 490 415
stu506 508 987 689 910
stu507 411 52 1012 952
stu508 76 1044 632 624
stu509 446 183 1028 282
stu51 1152 1056 256 655
stu510 890 664 177 782
stu511 546 732 1069 98
stu512 912 747 1068 752
stu513 213 396 4 1139
stu514 638 1111 886 1048
stu515 1162 735 93 494
stu516 616 724 373 318
stu517 907 239 1017 634
stu518 158 449 671 703
stu519 18 996 56 930
stu52 108 511 962 523
stu520 580 1124 937 48
stu521 775 197 24 668
stu522 145 166 553 562
stu523 900 646 311 772
stu524 625 684 1089 787
stu525 178 199 677 335
stu526 647 185 294 1083
stu527 436 349 106 1015
stu528 728 1042 319 340
stu529 76 342 1007 638
stu53 579 408 808 31
stu530 507 816 456 663
stu531 717 766 272 179
stu532 705 616 222 882
stu533 70 898 473 1134
stu534 338 766 1054 774
stu535 370 1159 1044 1098
stu536 295 200 275 788
stu537 960 538 264 722
stu538 191 1137 222 163
stu539 1158 911 341 701
stu54 349 793 375 828
stu540 782 980 838 107
stu541 715 148 79 1053
stu542 169 1132 1082 539
stu543 385 963 892 679
stu544 419 4 304 634
stu545 959 985 193 405
stu546 959 833 567 211
stu547 999 164 911 1037
stu548 1143 1004 399 696
stu549 1152 477 1004 158
stu55 708 988 746 661
stu550 865 923 1114 87
stu551 1141 843 765 397
stu552 103 324 286 1061
stu553 147 897 304 361
stu554 985 870 571 821
stu555 289 737 1113 270
stu556 579 350 221 986
stu557 82 62 399 946
stu558 984 351 288 962
stu559 31 1052 615 133
stu56 932 1092 174 326
stu560 214 156 450 778
stu561 1052 753 394 874
stu562 878 965 951 423
stu563 957 157 692 791
stu564 924 912 614 1006
stu565 229 269 45 468
stu566 619 333 685 1067
stu567 640 137 456 109
stu568 293 905 886 600
stu569 913 118 312 1046
stu57 1125 724 210 750
stu570 338 100 306 550
stu571 256 253 179 18
stu572 420 48 279 648
stu573 316 323 1115 190
stu574 1073 638 95 551
stu575 30 550 659 740
stu576 292 383 178 460
stu577 918 489 343 93
stu578 1006 649 1060 517
stu579 157 76 952 577
stu58 530 817 726 520
stu580 542 68 62 113
stu581 809 15 303 719
stu582 1070 397 107 1099
stu583 202 766 677 493
stu584 404 110 952 159
stu585 598 550 669 859
stu586 454 566 213 611
stu587 1060 3 25 857
stu588 488 86 969 134
stu589 518 527 109 425
stu59 1129 238 12 74
stu590 923 215 780 1124
stu591 236 712 872 639
stu592 821 1079 53 674
stu593 467 1139 370 176
stu594 961 1000 786 114
stu595 258 810 970 746
stu596 152 32 135 1087
stu597 559 243 768 737
stu598 876 803 699 1111
stu599 352 826 1006 428
stu6 125 770 968 711
stu60 748 229 1015 582
stu600 743 1058 1101 465
stu601 291 726 640 89
stu602 981 264 620 77
stu603 329 427 78 898
stu604 876 212 823 272
stu605 455 428 1009 586
stu606 68 963 534 837
stu607 626 377 102 206
stu608 691 458 1088 981
stu609 439 566 325 257
stu61 636 1078 612 241
stu610 829 944 751 413
stu611 626 828 149 757
stu612 1040 227 1029 750
stu613 1072 131 173 395
stu614 1093 1124 69 556
stu615 339 588 18 285
stu616 301 1105 521 739
stu617 508 101 251 592
stu618 1044 1002 261 925
stu619 667 409 519 962
stu62 708 242 324 672
stu620 1053 803 967 962
stu621 933 1139 194 863
stu622 357 680 675 695
stu623 105 692 235 405
stu624 1052 755 399 816
stu625 855 649 245 1154
stu626 906 923 172 829
stu627 587 1108 628 477
stu628 749 851 276 937
stu629 827 887 638 439
stu63 67 325 170 998
stu630 404 568 389 926
stu631 515 623 168 404
stu632 215 984 57 325
stu633 471 720 316 632
stu634 480 905 298 1067
stu635 851 926 799 855
stu636 1032 1075 629 696
stu637 799 522 391 459
stu638 1089 779 222 859
stu639 240 808 101 872
stu64 254 761 579 634
stu640 629 575 35 355
stu641 132 768 987 1030
stu642 929 122 190 617
stu643 303 988 727 172
stu644 156 193 124 211
stu645 1133 514 669 315
stu646 130 890 12 787
stu647 535 530 497 420
stu648 1104 949 774 492
stu649 972 598 777 738
stu65 740 789 222 108
stu650 720 966 610 278
stu651 47 174 450 621
stu652 785 991 831 755
stu653 342 755 1069 889
stu654 900 336 514 691
stu655 865 266 1110 807
stu656 52 721 554 279
stu657 575 168 1017 132
stu658 1133 464 827 435
stu659 1056 114 1055 678
stu66 861 947 627 827
stu660 360 1141 688 701
stu661 733 1012 428 471
stu662 186 197 1161 1050
stu663 462 1108 1112 931
stu664 1084 503 47 496
stu665 670 1063 1045 1058
stu666 783 710 749 1094
stu667 79 641 1027 439
stu668 1038 552 1139 608
stu669 401 822 334 1004
stu67 440 1056 157 443
stu670 274 332 148 735
stu671 695 97 503 617
stu672 1018 550 368 943
stu673 868 251 839 906
stu674 960 843 837 294
stu675 739 701 732 614
stu676 508 1127 60 165
stu677 42 393 6 316
stu678 1143 153 1050 675
stu679 250 809 547 523
stu68 122 9 1024 14
stu680 614 915 303 319
stu681 3 397 481 218
stu682 77 573 511 816
stu683 530 81 267 1037
stu684 463 744 39 504
stu685 393 463 819 373
stu686 615 1125 303 120
stu687 771 106 642 222
stu688 276 201 958 696
stu689 597 694 913 1092
stu69 342 892 254 1049
stu690 105 679 745 1052
stu691 15 267 926 477
stu692 1011 221 237 659
stu693 683 1055 287 553
stu694 1017 589 673 1043
stu695 1112 152 520 225
stu696 352 316 920 205
stu697 265 1088 134 369
stu698 1023 134 258 1037
stu699 400 440 770 666
stu7 709 555 1079 1116
stu70 1133 577 976 456
stu700 1078 1006 162 598
stu701 154 448 1150 9
stu702 293 1078 307 660
stu703 486 827 885 93
stu704 1142 1060 297 244
stu705 242 848 1031 102
stu706 981 544 394 219
stu707 983 1 140 898
stu708 262 720 751 416
stu709 5 1157 842 715
stu71 902 402 291 411
stu710 328 1148 213 813
stu711 812 353 906 47
stu712 250 40 709 491
stu713 888 577 1010 706
stu714 1120 242 180 197
stu715 660 738 350 922
stu716 295 357 175 717
stu717 769 1016 270 1096
stu718 257 900 747 1069
stu719 90 490 1115 757
stu72 418 126 1045 1158
stu720 947 661 504 1090
stu721 493 351 634 869
stu722 592 69 321 90
stu723 806 670 267 356
stu724 282 441 1073 1050
stu725 712 180 984 968
stu726 335 568 874 424
stu727 313 83 436 97
stu728 1161 939 25 492
stu729 128 1076 616 1137
stu73 170 104 103 1030
stu730 400 936 482 462
stu731 443 748 817 725
stu732 444 727 1030 1155
stu733 162 851 217 496
stu734 674 346 175 242
stu735 428 611 339 427
stu736 805 781 174 188
stu737 1112 789 581 349
stu738 562 1062 810 260
stu739 1066 883 240 765
stu74 306 1147 695 746
stu740 447 108 14 1027
stu741 214 230 360 144
stu742 575 953 385 1003
stu743 819 723 685 461
stu744 759 114 1067 708
stu745 158 485 313 1137
stu746 802 378 234 705
stu747 98 892 726 963
stu748 255 739 827 468
stu749 968 24 611 380
stu75 1040 851 26 1161
stu750 232 252 638 1050
stu751 230 578 767 989
stu752 691 671 952 848
stu753 1155 102 822 794
stu754 898 312 755 995
stu755 459 318 795 713
stu756 1056 459 436 117
stu757 901 303 496 1132
stu758 554 390 276 783
stu759 967 1042 609 496
stu76 115 306 430 456
stu760 968 817 599 960
stu761 174 677 1009 1071
stu762 244 1019 904 702
stu763 174 954 252 485
stu764 669 1105 601 407
stu765 245 353 794 798
stu766 742 1069 419 546
stu767 204 283 297 9
stu768 1099 152 224 111
stu769 828 71 19 1071
stu77 35 683 760 423
stu770 1089 178 1028 519
stu771 388 535 1003 1056
stu772 477 860 300 722
stu773 50 349 357 791
stu774 256 31 592 459
stu775 314 889 886 250
stu776 296 1109 778 379
stu777 435 53 705 362
stu778 230 570 136 617
stu779 1104 394 510 418
stu78 516 574 878 673
stu780 91 65 395 558
stu781 414 752 186 1087
stu782 782 778 801 351
stu783 922 524 1019 473
stu784 471 634 851 905
stu785 686 393 522 172
stu786 218 1075 44 159
stu787 307 972 994 815
stu788 1036 227 211 705
stu789 234 814 629 271
stu79 975 425 1083 648
stu790 847 686 622 1024
stu791 47 478 334 517
stu792 367 22 678 1053
stu793 832 455 480 1049
stu794 368 523 463 1092
stu795 332 295 744 624
stu796 939 954 584 10
stu797 1024 469 280 708
stu798 1154 901 570 38
stu799 634 903 973 1001
stu8 592 734 375 1032
stu80 550 221 643 719
stu800 181 906 147 1012
stu801 198 1044 155 565
stu802 404 617 912 1154
stu803 167 494 1033 361
stu804 703 872 370 564
stu805 178 1068 528 587
stu806 62 1097 1043 696
stu807 837 853 952 273
stu808 1014 354 541 49
stu809 235 695 1032 1056
stu81 324 745 586 1048
stu810 567 781 303 1152
stu811 530 173 350 489
stu812 301 1138 1052 896
stu813 299 835 321 360
stu814 769 201 311 862
stu815 309 518 1134 578
stu816 871 512 626 1105
stu817 462 913 999 285
stu818 950 139 274 735
stu819 730 1041 61 1030
stu82 729 536 631 1024
stu820 272 369 763 570
stu821 41 339 186 810
stu822 957 496 927 521
stu823 1014 898 1098 722
stu824 666 980 1083 383
stu825 1148 919 667 935
stu826 313 196 926 298
stu827 493 986 165 764
stu828 610 184 590 651
stu829 940 775 716 735
stu83 642 1074 279 756
stu830 526 480 511 377
stu831 633 447 355 554
stu832 682 275 937 667
stu833 449 859 858 17
stu834 311 621 315 803
stu835 862 897 822 310
stu836 336 667 216 114
stu837 279 187 104 805
stu838 666 614 437 554
stu839 316 47 1108 997
stu84 217 708 467 669
stu840 321 138 502 25
stu841 252 615 42 562
stu842 73 774 620 934
stu843 508 698 499 100
stu844 202 1132 213 899
stu845 156 734 541 77
stu846 603 233 631 919
stu847 280 994 9 1018
stu848 1131 510 1043 220
stu849 1124 340 38 452
stu85 647 65 1092 1162
stu850 369 657 642 876
stu851 610 396 975 812
stu852 366 443 548 521
stu853 432 344 598 1035
stu854 994 66 47 111
stu855 315 55 385 283
stu856 983 683 920 200
stu857 1022 957 652 646
stu858 870 549 777 317
stu859 944 1008 384 147
stu86 1056 807 672 124
stu860 288 187 668 1138
stu861 530 521 1010 780
stu862 586 312 890 900
stu863 366 530 438 604
stu864 50 613 804 327
stu865 826 711 972 533
stu866 515 587 105 296
stu867 432 907 861 1137
stu868 1093 366 1112 879
stu869 886 215 496 727
stu87 69 1010 771 618
stu870 526 641 882 148
stu871 9 575 7 58
stu872 25 66 803 106
stu873 776 612 1056 128
stu874 36 1161 842 885
stu875 161 540 860 91
stu876 161 65 225 302
stu877 280 1138 284 61
stu878 617 3 626 1043
stu879 995 633 356 275
stu88 69 252 592 810
stu880 698 1158 381 730
stu881 1026 274 113 317
stu882 690 210 40 850
stu883 749 899 197 909
stu884 219 421 466 498
stu885 397 749 977 269
stu886 7 858 567 1001
stu887 328 922 532 282
stu888 174 912 267 37
stu889 441 797 353 1131
stu89 252 434 695 237
stu890 1007 810 74 1011
stu891 964 270 14 21
stu892 1109 479 936 761
stu893 484 750 1029 490
stu894 446 433 747 29
stu895 610 116 728 39
stu896 283 250 75 723
stu897 303 846 1109 565
stu898 493 21 413 713
stu899 708 844 733 654
stu9 798 228 575 822
stu90 969 581 98 449
stu900 579 506 252 1062
stu901 512 536 389 213
stu902 224 1135 659 834
stu903 506 643 128 788
stu904 892 621 349 450
stu905 304 713 1014 52
stu906 733 265 764 279
stu907 364 752 188 942
stu908 96 440 841 607
stu909 975 68 75 37
stu91 911 376 460 1127
stu910 458 733 126 964
stu911 213 253 1007 361
stu912 873 611 810 432
stu913 162 662 902 894
stu914 182 921 428 545
stu915 511 616 743 606
stu916 311 421 468 123
stu917 906 542 577 620
stu918 112 1120 839 743
stu919 629 683 1103 339
stu92 340 927 1052 986
stu920 132 750 27 293
stu921 667 184 442 104
stu922 1104 870 649 452
stu923 741 647 313 1051
stu924 1067 780 429 67
stu925 577 262 686 1107
stu926 219 362 687 847
stu927 1044 1045 442 13
stu928 1050 886 723 555
stu929 1069 3 658 1010
stu93 991 981 985 140
stu930 128 562 718 868
stu931 46 1030 756 369
stu932 1066 440 435 480
stu933 701 376 842 176
stu934 737 784 278 1036
stu935 666 1137 305 554
stu936 860 1027 364 22
stu937 285 1021 288 412
stu938 839 1005 117 140
stu939 872 128 508 31
stu94 625 912 263 1112
stu940 568 198 511 524
stu941 573 608 699 565
stu942 230 233 439 895
stu943 207 1161 286 1067
stu944 281 1067 344 566
stu945 182 631 977 1020
stu946 473 350 1159 601
stu947 477 923 631 300
stu948 1120 397 80 531
stu949 1005 778 1095 72
stu95 759 1033 985 83
stu950 1010 789 222 473
stu951 787 926 795 1068
stu952 830 1138 471 1011
stu953 607 703 124 335
stu954 1052 121 935 785
stu955 1043 822 340 1000
stu956 56 419 786 316
stu957 453 719 805 718
stu958 345 1027 28 388
stu959 790 822 293 457
stu96 540 415 149 792
stu960 798 19 724 660
stu961 1139 847 994 285
stu962 223 23 325 103
stu963 844 664 359 155
stu964 1083 400 889 373
stu965 1118 531 1090 719
stu966 395 1118 362 440
stu967 33 654 153 86
stu968 1090 876 745 322
stu969 560 995 606 39
stu97 848 843 284 654
stu970 273 930 559 372
stu971 432 917 526 770
stu972 573 252 398 946
stu973 783 325 502 433
stu974 698 863 873 731
stu975 772 1025 816 1117
stu976 738 817 277 553
stu977 649 882 1009 921
stu978 1068 406 130 755
stu979 578 1073 362 1150
stu98 680 799 358 428
stu980 581 759 934 619
stu981 339 691 1051 1037
stu982 392 761 1023 419
stu983 1041 1094 374 1034
stu984 4 1068 425 652
stu985 43 689 828 1110
stu986 1094 213 1120 510
stu987 542 319 497 1122
stu988 333 686 996 672
stu989 215 884 964 1024
stu99 431 818 810 770
stu990 901 80 280 779
stu991 429 1071 651 433
stu992 232 331 340 275
stu993 1019 6 640 951
stu994 636 598 716 433
stu995 916 50 810 505
stu996 736 643 432 206
stu997 365 651 67 521
stu998 730 346 137 1158
stu999 673 43 428 904
