stu1 72 64 25 39
stu10 86 19 69 26
stu100 90 19 43 20
stu101 60 87 71 34
stu102 58 27 72 44
stu103 25 99 38 73
stu104 97 101 83 43
stu105 16 19 14 45
stu106 31 84 8 55
stu107 63 82 21 17
stu108 100 64 36 25
stu109 49 5 58 72
stu11 101 65 67 38
stu110 98 29 81 88
stu111 93 17 26 54
stu112 84 7 96 99
stu113 92 75 8 22
stu114 57 15 42 85
stu115 63 101 27 92
stu116 1 51 5 8
stu117 42 69 36 21
stu118 21 27 4 46
stu119 80 87 19 74
stu12 55 90 31 62
stu120 84 9 47 91
stu121 97 69 71 38
stu122 19 32 66 18
stu123 59 22 19 75
stu124 93 90 82 33
stu125 23 16 19 10
stu126 42 22 55 87
stu127 7 39 25 56
stu128 48 37 11 9
stu129 72 82 12 90
stu13 95 67 35 39
stu130 79 77 73 2
stu131 64 57 77 55
stu132 12 57 53 34
stu133 39 72 43 46
stu134 59 64 32 66
stu135 1 22 87 14
stu136 59 98 23 29
stu137 44 34 84 21
stu138 77 55 90 39
stu139 11 31 60 22
stu14 63 4 16 91
stu140 87 78 21 91
stu141 48 30 36 6
stu142 59 33 37 54
stu143 22 39 78 85
stu144 61 5 27 60
stu145 54 14 35 8
stu146 2 40 85 99
stu147 65 72 50 41
stu148 58 40 89 87
stu149 75 60 44 73
stu15 59 80 69 90
stu150 62 69 25 49
stu151 6 2 33 32
stu152 73 59 91 93
stu153 38 92 100 5
stu154 30 49 2 94
stu155 86 52 100 42
stu156 91 53 95 30
stu157 11 37 1 72
stu158 71 92 20 42
stu159 59 18 73 98
stu16 42 65 90 68
stu160 42 63 89 80
stu161 53 84 48 101
stu162 86 6 85 2
stu163 4 25 92 57
stu164 18 87 33 21
stu165 53 71 57 43
stu166 56 99 68 73
stu167 70 64 13 98
stu168 51 58 15 2
stu169 41 62 68 92
stu17 85 95 38 36
stu170 33 51 59 3
stu171 41 15 59 25
stu172 101 57 11 52
stu173 26 67 60 47
stu174 64 26 18 100
stu175 89 98 96 4
stu176 54 10 5 60
stu177 37 72 16 36
stu178 88 74 38 95
stu179 88 62 18 53
stu18 12 72 61 79
stu180 17 28 70 9
stu181 60 96 55 23
stu182 20 39 88 75
stu183 35 82 78 54
stu184 57 49 80 60
stu185 86 95 73 34
stu186 31 32 87 58
stu187 49 39 74 42
stu188 74 48 101 68
stu189 2 89 54 40
stu19 35 26 15 56
stu190 41 94 40 22
stu191 36 59 44 84
stu192 3 2 35 64
stu193 62 73 97 58
stu194 3 48 14 51
stu195 52 88 58 25
stu196 34 23 58 1
stu197 78 10 6 17
stu198 2 11 4 36
stu199 48 87 38 15
stu2 45 66 15 99
stu20 15 12 16 75
stu200 87 101 43 58
stu21 78 16 12 6
stu22 19 94 96 44
stu23 38 30 32 80
stu24 94 20 12 78
stu25 80 49 79 92
stu26 19 38 69 20
stu27 64 83 75 44
stu28 60 56 84 37
stu29 71 61 8 56
stu3 76 83 98 41
stu30 19 2 99 57
stu31 98 96 1 91
stu32 81 12 33 60
stu33 27 10 50 11
stu34 13 84 97 42
stu35 31 36 85 91
stu36 91 33 93 61
stu37 93 100 82 11
stu38 67 45 33 64
stu39 39 33 19 18
stu4 73 25 24 95
stu40 10 17 43 36
stu41 26 58 13 38
stu42 40 8 80 37
stu43 44 29 26 33
stu44 62 84 59 19
stu45 48 5 29 13
stu46 49 27 42 87
stu47 59 26 71 35
stu48 42 79 36 33
stu49 36 48 71 41
stu5 41 5 71 75
stu50 56 15 77 65
stu51 9 68 63 36
stu52 16 88 55 63
stu53 92 49 42 40
stu54 76 49 92 100
stu55 75 27 33 15
stu56 5 69 48 40
stu57 15 84 46 36
stu58 64 89 66 72
stu59 55 28 7 71
stu6 80 98 3 79
stu60 81 27 99 71
stu61 41 39 76 15
stu62 88 33 81 27
stu63 59 12 7 63
stu64 80 54 68 61
stu65 2 80 96 65
stu66 67 61 2 87
stu67 54 75 22 33
stu68 67 20 69 6
stu69 24 44 88 77
stu7 63 56 98 80
stu70 76 67 2 100
stu71 78 9 28 57
stu72 28 61 83 97
stu73 39 77 60 4
stu74 2 27 57 21
stu75 101 78 53 66
stu76 97 88 72 87
stu77 30 58 62 71
stu78 23 30 35 66
stu79 38 62 88 31
stu8 65 98 31 1
stu80 22 69 26 11
stu81 52 97 12 78
stu82 52 100 44 28
stu83 17 8 91 3
stu84 45 76 99 68
stu85 2 68 56 31
stu86 2 21 68 29
stu87 7 65 50 76
stu88 90 42 86 6
stu89 37 63 84 88
stu9 27 21 39 71
stu90 61 26 14 78
stu91 100 70 46 44
stu92 44 10 46 77
stu93 66 76 44 52
stu94 9 73 58 39
stu95 88 99 27 28
stu96 83 33 64 11
stu97 82 50 71 73
stu98 30 13 71 99
stu99 59 13 8 68
