stu1 188 1259 167 135
stu10 987 1507 1378 1256
stu100 749 498 765 241
stu1000 387 1498 348 587
stu1001 788 779 217 1011
stu1002 21 419 1009 868
stu1003 1106 1307 457 1059
stu1004 1363 465 531 285
stu1005 1316 812 1220 1241
stu1006 109 706 843 1108
stu1007 574 1443 594 357
stu1008 773 337 339 956
stu1009 511 1515 402 531
stu101 1440 851 1458 1432
stu1010 369 1410 795 1474
stu1011 549 1251 364 1307
stu1012 1112 290 28 863
stu1013 1101 643 1499 605
stu1014 1348 777 149 1318
stu1015 52 138 110 824
stu1016 474 448 215 381
stu1017 1358 12 911 162
stu1018 1422 141 1031 1366
stu1019 788 1394 1108 335
stu102 1250 79 1215 1359
stu1020 1080 531 593 616
stu1021 1174 527 617 353
stu1022 699 161 106 750
stu1023 298 1175 969 167
stu1024 1018 579 547 811
stu1025 591 854 972 1408
stu1026 390 438 1209 1177
stu1027 1228 752 907 743
stu1028 679 895 754 288
stu1029 817 766 36 1516
stu103 552 812 908 245
stu1030 926 1102 701 619
stu1031 712 1066 182 166
stu1032 80 124 372 670
stu1033 977 1344 1473 763
stu1034 1177 513 1335 236
stu1035 1265 74 978 1339
stu1036 968 1128 62 221
stu1037 329 1057 1132 651
stu1038 594 268 665 1306
stu1039 1333 846 867 809
stu104 1314 842 904 559
stu1040 970 634 1478 1342
stu1041 413 783 1500 986
stu1042 1295 1271 1221 391
stu1043 740 31 165 143
stu1044 554 1186 1323 278
stu1045 679 890 928 1272
stu1046 554 29 409 1282
stu1047 270 671 526 635
stu1048 1305 1400 1373 1113
stu1049 618 1308 1494 348
stu105 441 1515 45 974
stu1050 410 547 135 1149
stu1051 577 299 688 526
stu1052 1485 1406 803 1559
stu1053 128 167 1266 681
stu1054 1155 1071 1358 820
stu1055 1137 320 1455 273
stu1056 155 1263 1386 168
stu1057 402 711 1475 812
stu1058 1257 45 1356 1229
stu1059 344 479 190 1224
stu106 159 388 1194 846
stu1060 321 993 1218 1408
stu1061 555 315 524 1105
stu1062 1385 317 360 354
stu1063 32 1210 626 1146
stu1064 304 447 1313 706
stu1065 554 620 1517 246
stu1066 664 1308 1475 403
stu1067 1183 1060 62 899
stu1068 1448 1279 742 438
stu1069 990 661 938 810
stu107 948 178 47 132
stu1070 373 694 1163 405
stu1071 339 1185 946 643
stu1072 67 695 744 16
stu1073 710 696 262 1373
stu1074 1399 1132 212 1017
stu1075 627 1233 1311 511
stu1076 344 488 1333 544
stu1077 1282 1538 917 1371
stu1078 533 1321 1105 153
stu1079 702 183 1179 792
stu108 675 207 372 550
stu1080 926 1195 1501 1017
stu1081 852 706 248 419
stu1082 313 660 441 1545
stu1083 407 347 1284 290
stu1084 691 1052 834 1368
stu1085 422 186 1174 954
stu1086 902 714 1106 999
stu1087 293 116 227 614
stu1088 706 1123 1027 1557
stu1089 1224 1274 1371 1536
stu109 1057 1225 1378 138
stu1090 369 248 913 171
stu1091 594 632 461 680
stu1092 1080 1294 483 1501
stu1093 875 1052 890 212
stu1094 1162 1391 1210 1454
stu1095 902 832 1463 44
stu1096 1351 925 36 406
stu1097 30 1407 378 399
stu1098 1050 686 1529 79
stu1099 713 425 759 228
stu11 1529 1442 1388 1501
stu110 699 1028 892 1250
stu1100 1114 637 164 424
stu1101 125 449 31 1286
stu1102 275 637 571 573
stu1103 864 1429 616 46
stu1104 186 47 452 215
stu1105 1453 225 9 334
stu1106 910 1538 413 1018
stu1107 1358 567 1246 908
stu1108 1203 1409 727 723
stu1109 294 758 1404 1528
stu111 275 235 1495 984
stu1110 790 1370 536 89
stu1111 1235 547 135 816
stu1112 594 1546 1030 1442
stu1113 206 435 212 511
stu1114 408 624 1528 201
stu1115 586 1209 504 224
stu1116 450 1231 947 139
stu1117 1384 182 1062 609
stu1118 1552 994 697 1222
stu1119 1540 227 473 569
stu112 473 834 1542 309
stu1120 208 898 447 1373
stu1121 1332 54 1279 1135
stu1122 677 1243 732 658
stu1123 283 1235 881 128
stu1124 901 1223 266 720
stu1125 1405 724 1328 788
stu1126 153 1421 1405 128
stu1127 1043 313 93 647
stu1128 606 1499 455 1334
stu1129 1552 170 904 60
stu113 181 23 1282 339
stu1130 808 71 717 486
stu1131 1306 993 614 38
stu1132 652 275 154 1452
stu1133 998 877 675 546
stu1134 733 1475 674 1172
stu1135 223 162 254 224
stu1136 1056 708 1557 1043
stu1137 273 293 1102 476
stu1138 363 1214 962 1064
stu1139 642 11 498 689
stu114 1370 307 580 149
stu1140 285 651 1536 679
stu1141 1527 42 1224 92
stu1142 1516 1293 1263 1134
stu1143 1454 1516 1358 945
stu1144 55 746 1383 1288
stu1145 1038 316 199 797
stu1146 1529 1160 296 3
stu1147 1170 189 691 851
stu1148 839 663 1529 198
stu1149 100 584 289 52
stu115 485 22 280 1159
stu1150 313 1551 1185 1162
stu1151 898 374 543 952
stu1152 1120 1321 71 593
stu1153 73 270 1389 997
stu1154 1429 1081 999 1035
stu1155 1269 1086 1281 1504
stu1156 184 641 137 1243
stu1157 1224 425 1294 1536
stu1158 1371 915 1134 704
stu1159 1288 1072 1051 239
stu116 228 47 1105 680
stu1160 828 1122 832 296
stu1161 1391 52 1293 651
stu1162 1132 123 1081 233
stu1163 1208 797 172 787
stu1164 1437 308 466 1097
stu1165 128 195 464 1498
stu1166 505 33 1189 500
stu1167 479 1427 724 996
stu1168 90 415 218 142
stu1169 143 869 669 1226
stu117 667 314 817 1366
stu1170 385 901 869 578
stu1171 468 92 1410 171
stu1172 1517 338 298 147
stu1173 802 1191 48 230
stu1174 1223 1236 730 138
stu1175 494 849 529 1544
stu1176 1263 747 121 802
stu1177 51 185 463 1395
stu1178 482 727 408 949
stu1179 214 254 1120 166
stu118 737 145 447 407
stu1180 591 813 1273 788
stu1181 440 1320 1018 98
stu1182 387 1143 1195 276
stu1183 427 160 255 1085
stu1184 302 1335 322 352
stu1185 1520 180 1142 437
stu1186 907 1550 781 1120
stu1187 1199 1296 1286 1185
stu1188 545 390 409 984
stu1189 1105 1426 477 1491
stu119 1339 1337 1391 247
stu1190 1004 1068 1162 826
stu1191 623 1417 1306 924
stu1192 1187 64 1275 538
stu1193 243 248 974 545
stu1194 233 1151 101 827
stu1195 882 782 448 1426
stu1196 567 856 241 107
stu1197 717 718 993 1116
stu1198 221 590 1337 239
stu1199 1402 1078 1162 1025
stu12 115 97 1182 348
stu120 3 1368 556 183
stu1200 537 268 958 780
stu1201 515 1328 720 748
stu1202 914 216 970 231
stu1203 997 1417 1053 959
stu1204 708 1293 1065 820
stu1205 1406 493 371 1022
stu1206 1083 1103 1260 920
stu1207 617 857 1340 1153
stu1208 1124 734 1328 1035
stu1209 497 1444 1178 1410
stu121 786 1233 1481 1551
stu1210 95 583 1036 488
stu1211 436 524 1446 1143
stu1212 1213 947 399 450
stu1213 1439 165 1472 353
stu1214 1268 563 1273 1280
stu1215 1420 444 264 375
stu1216 1177 988 1409 1069
stu1217 867 1022 310 961
stu1218 41 1346 1448 1436
stu1219 1265 1330 1014 309
stu122 1540 497 1095 460
stu1220 108 808 759 1546
stu1221 369 62 335 1032
stu1222 624 1003 143 1439
stu1223 842 406 250 1415
stu1224 1393 1054 919 91
stu1225 1472 625 1052 908
stu1226 1366 331 779 462
stu1227 1056 1188 771 1163
stu1228 1392 925 1145 1156
stu1229 382 875 623 1005
stu123 518 770 1014 142
stu1230 1273 765 880 1510
stu1231 566 525 1360 1355
stu1232 974 111 1445 277
stu1233 735 328 1184 536
stu1234 659 1358 393 150
stu1235 982 559 1313 205
stu1236 1483 289 1360 300
stu1237 559 418 701 267
stu1238 578 976 212 1143
stu1239 896 968 933 1265
stu124 816 1514 821 879
stu1240 1078 210 1542 1208
stu1241 537 1161 179 591
stu1242 955 1531 741 1332
stu1243 526 1449 1536 444
stu1244 173 1331 140 731
stu1245 1144 236 393 157
stu1246 1211 1564 1299 1502
stu1247 363 64 1202 1440
stu1248 273 1179 1083 205
stu1249 776 657 796 1126
stu125 263 1034 76 999
stu1250 624 1536 893 1149
stu1251 816 864 988 26
stu1252 523 1114 1169 758
stu1253 902 1325 404 297
stu1254 455 341 660 1478
stu1255 939 1495 186 553
stu1256 1014 391 724 1066
stu1257 582 285 125 553
stu1258 573 669 1368 1436
stu1259 93 187 857 615
stu126 1178 522 1406 348
stu1260 696 461 1373 993
stu1261 1181 1172 1289 72
stu1262 909 1344 1549 283
stu1263 1275 1131 231 120
stu1264 917 955 1185 1498
stu1265 635 706 1446 1208
stu1266 1374 1249 1079 862
stu1267 831 1332 873 922
stu1268 228 77 350 1409
stu1269 1248 1034 1480 1552
stu127 1255 1232 1555 1257
stu1270 814 860 1230 1484
stu1271 426 1461 39 1342
stu1272 247 619 1275 881
stu1273 1324 1156 524 530
stu1274 236 999 787 462
stu1275 766 95 1383 389
stu1276 171 168 233 815
stu1277 1202 1108 198 1411
stu1278 404 1428 1330 225
stu1279 720 764 963 966
stu128 431 1506 1439 613
stu1280 1382 69 1242 538
stu1281 621 1162 463 856
stu1282 1556 1249 714 153
stu1283 1344 532 541 910
stu1284 96 170 1120 1297
stu1285 1277 1318 539 1076
stu1286 1181 304 697 1296
stu1287 1067 95 93 884
stu1288 163 1334 817 783
stu1289 327 1279 1035 318
stu129 1174 751 1559 545
stu1290 964 184 1430 139
stu1291 111 407 444 206
stu1292 1536 1564 898 1248
stu1293 1317 1436 156 329
stu1294 1135 248 60 637
stu1295 342 152 917 1464
stu1296 881 169 79 604
stu1297 844 1113 921 1203
stu1298 692 183 1341 198
stu1299 589 1180 1364 560
stu13 497 1258 722 371
stu130 643 486 1004 1161
stu1300 1179 697 1203 327
stu1301 1529 754 655 1099
stu1302 1001 110 172 738
stu1303 1221 484 638 538
stu1304 652 716 1141 891
stu1305 1224 1457 529 1311
stu1306 75 1265 904 59
stu1307 881 703 14 1455
stu1308 1400 613 218 760
stu1309 1366 268 294 199
stu131 1255 1414 698 507
stu1310 378 1425 936 34
stu1311 344 9 1531 392
stu1312 120 1107 1282 739
stu1313 396 247 485 1430
stu1314 1511 1389 885 827
stu1315 527 898 114 1322
stu1316 1510 331 517 708
stu1317 598 207 906 371
stu1318 67 277 405 1371
stu1319 286 371 198 1365
stu132 1363 1518 781 1022
stu1320 874 875 540 665
stu1321 1121 1024 530 464
stu1322 244 1414 686 167
stu1323 144 799 1488 89
stu1324 1129 1401 796 1123
stu1325 1003 1097 1493 1069
stu1326 1374 333 271 1055
stu1327 100 468 855 369
stu1328 1343 1394 1033 295
stu1329 250 958 758 493
stu133 987 856 1416 1560
stu1330 808 1444 55 951
stu1331 678 939 435 1203
stu1332 775 627 761 213
stu1333 159 689 677 928
stu1334 418 948 517 811
stu1335 1273 885 1549 498
stu1336 353 1240 747 706
stu1337 433 636 1513 1272
stu1338 690 295 386 1024
stu1339 126 984 234 148
stu134 773 653 1304 463
stu1340 180 1406 306 868
stu1341 1479 630 1285 258
stu1342 1047 1197 464 151
stu1343 1477 1409 649 265
stu1344 1084 791 367 912
stu1345 822 315 620 908
stu1346 6 401 367 1091
stu1347 1384 1561 1238 1563
stu1348 798 939 262 712
stu1349 4 943 365 447
stu135 320 1294 155 147
stu1350 575 225 597 488
stu1351 69 641 148 548
stu1352 1432 1474 1459 85
stu1353 225 514 992 1190
stu1354 310 1359 716 1089
stu1355 751 389 483 1548
stu1356 1327 745 92 727
stu1357 1083 456 1173 1053
stu1358 76 205 936 1104
stu1359 242 480 87 1069
stu136 1235 989 155 240
stu1360 389 1546 1153 9
stu1361 1455 581 1198 1161
stu1362 1335 349 685 521
stu1363 133 1168 504 856
stu1364 1308 595 18 826
stu1365 447 1190 314 1482
stu1366 790 1250 1022 1031
stu1367 1125 1108 535 1513
stu1368 485 124 1522 1336
stu1369 100 1155 932 830
stu137 176 1109 785 818
stu1370 900 52 1350 428
stu1371 615 1249 1283 358
stu1372 1240 1300 1183 1082
stu1373 321 893 999 507
stu1374 578 1416 1537 138
stu1375 960 508 1046 840
stu1376 27 1003 611 1086
stu1377 1554 1542 351 889
stu1378 990 1096 1316 40
stu1379 780 431 398 1415
stu138 30 1184 1374 1285
stu1380 1126 976 932 1447
stu1381 304 1327 389 881
stu1382 1178 1321 414 1533
stu1383 1224 1460 205 646
stu1384 294 815 167 283
stu1385 189 517 567 574
stu1386 48 319 613 224
stu1387 145 406 74 1270
stu1388 1382 402 548 121
stu1389 164 332 398 737
stu139 1033 1467 1187 228
stu1390 89 207 706 1312
stu1391 1062 910 1354 1356
stu1392 1120 1520 1034 704
stu1393 1433 37 1277 876
stu1394 1315 326 495 1459
stu1395 127 569 1164 1508
stu1396 970 148 1025 529
stu1397 479 818 1265 567
stu1398 1024 1366 1275 522
stu1399 107 1064 1273 623
stu14 1474 741 455 96
stu140 1421 403 645 239
stu1400 415 742 1326 1243
stu1401 174 1039 555 1488
stu1402 760 1049 1382 886
stu1403 1013 982 226 1378
stu1404 1129 1250 342 1003
stu1405 503 1003 6 922
stu1406 804 676 839 307
stu1407 1135 1507 929 945
stu1408 685 690 624 254
stu1409 1124 1178 178 319
stu141 654 496 1195 1426
stu1410 58 1559 601 1071
stu1411 976 826 884 1500
stu1412 1471 622 939 1369
stu1413 60 340 726 259
stu1414 411 961 1525 1545
stu1415 903 889 925 983
stu1416 975 944 1237 534
stu1417 557 1414 249 11
stu1418 1408 849 1081 216
stu1419 1070 1360 151 976
stu142 1149 330 325 864
stu1420 417 485 176 1436
stu1421 824 297 131 1234
stu1422 1257 91 610 596
stu1423 376 931 14 1350
stu1424 310 646 1279 263
stu1425 495 1527 273 1299
stu1426 207 1353 1514 1276
stu1427 544 1060 83 961
stu1428 1545 258 228 200
stu1429 555 1318 830 1207
stu143 59 1439 406 689
stu1430 1409 835 1198 1180
stu1431 201 608 361 1471
stu1432 1253 75 169 184
stu1433 998 441 878 1204
stu1434 1189 827 916 168
stu1435 1282 998 524 658
stu1436 652 752 254 602
stu1437 505 1083 244 1309
stu1438 1313 1442 320 1514
stu1439 485 680 1420 1133
stu144 864 1520 324 435
stu1440 755 24 1316 188
stu1441 1424 25 1391 444
stu1442 247 138 611 1529
stu1443 532 531 18 1183
stu1444 678 271 220 578
stu1445 749 1423 1283 498
stu1446 696 38 447 576
stu1447 114 1262 145 868
stu1448 681 856 451 540
stu1449 881 1237 983 1127
stu145 1065 504 648 490
stu1450 771 989 1091 1302
stu1451 915 505 920 988
stu1452 775 535 2 1524
stu1453 1353 680 457 485
stu1454 113 299 456 226
stu1455 956 600 489 72
stu1456 1456 939 7 772
stu1457 8 385 1294 778
stu1458 769 821 1475 120
stu1459 721 226 503 1495
stu146 124 458 1170 552
stu1460 156 1464 850 1508
stu1461 579 702 1388 692
stu1462 1000 280 313 391
stu1463 275 802 1422 166
stu1464 1136 1428 333 539
stu1465 1208 63 1316 413
stu1466 279 622 1492 999
stu1467 847 430 325 1002
stu1468 330 1175 342 304
stu1469 312 1125 391 708
stu147 360 188 175 1176
stu1470 1404 704 1098 1075
stu1471 1505 352 1240 472
stu1472 215 969 1011 1423
stu1473 1031 158 1231 1309
stu1474 780 1158 139 62
stu1475 23 463 460 1312
stu1476 73 801 1012 385
stu1477 361 1402 488 1161
stu1478 1501 21 671 837
stu1479 1332 1306 1309 943
stu148 590 819 811 639
stu1480 710 755 197 1136
stu1481 308 1427 276 1087
stu1482 1020 414 545 438
stu1483 273 1004 1146 1305
stu1484 240 593 1085 1560
stu1485 1390 8 1156 723
stu1486 989 1222 1559 756
stu1487 360 699 134 1069
stu1488 849 330 37 1157
stu1489 1152 312 679 607
stu149 711 1401 501 295
stu1490 122 619 441 394
stu1491 58 982 134 1257
stu1492 970 1219 1253 191
stu1493 622 240 913 46
stu1494 858 908 802 1217
stu1495 1002 935 117 287
stu1496 661 153 1443 248
stu1497 1425 1517 251 1546
stu1498 572 87 1335 25
stu1499 1068 864 1282 1433
stu15 652 1526 836 1199
stu150 166 221 554 1184
stu1500 1478 366 59 536
stu1501 1 972 581 858
stu1502 1275 778 1470 712
stu1503 149 23 998 205
stu1504 1135 272 452 995
stu1505 225 702 372 192
stu1506 788 1102 216 1251
stu1507 1362 893 1119 1275
stu1508 654 574 1206 655
stu1509 941 1183 908 651
stu151 95 960 308 958
stu1510 396 814 758 1504
stu1511 232 1152 144 1366
stu1512 1423 596 193 1043
stu1513 693 1524 630 877
stu1514 1062 846 563 859
stu1515 1134 1078 1529 224
stu1516 1047 1171 878 423
stu1517 185 1181 1073 580
stu1518 1390 1226 520 57
stu1519 813 663 819 68
stu152 915 27 788 1375
stu1520 654 407 506 1347
stu1521 366 1136 659 1427
stu1522 1377 617 117 342
stu1523 1090 82 565 572
stu1524 648 838 994 832
stu1525 455 1462 807 1240
stu1526 1124 1326 693 1332
stu1527 1385 1511 795 474
stu1528 1313 1301 1216 114
stu1529 268 310 937 1040
stu153 531 1436 1261 654
stu1530 323 1053 1381 1412
stu1531 530 1342 420 1177
stu1532 615 1413 1404 465
stu1533 707 647 141 266
stu1534 1368 833 993 584
stu1535 175 224 454 1487
stu1536 920 105 36 583
stu1537 1375 972 58 133
stu1538 1421 834 940 386
stu1539 611 1359 959 622
stu154 329 866 601 84
stu1540 604 798 1086 1310
stu1541 840 1226 971 40
stu1542 1454 399 623 64
stu1543 18 1076 946 333
stu1544 577 982 915 387
stu1545 1349 368 1479 601
stu1546 598 854 987 1208
stu1547 649 381 265 648
stu1548 574 1351 1353 1414
stu1549 408 759 1453 298
stu155 1054 776 656 1039
stu1550 553 1471 1321 1531
stu1551 983 703 299 955
stu1552 1080 610 737 260
stu1553 977 651 861 10
stu1554 1504 1243 614 1548
stu1555 59 274 631 632
stu1556 1020 1379 1441 824
stu1557 573 1329 1121 522
stu1558 632 273 488 1010
stu1559 371 182 400 1450
stu156 30 1466 114 740
stu1560 791 1136 146 1164
stu1561 222 402 569 1121
stu1562 80 1182 1105 1098
stu1563 1456 1131 1125 307
stu1564 946 1002 1130 914
stu1565 162 82 831 793
stu1566 355 714 238 725
stu1567 896 637 7 122
stu1568 1168 1112 1285 785
stu1569 1513 290 342 28
stu157 1302 614 430 863
stu1570 867 842 521 154
stu1571 1368 81 461 145
stu1572 478 26 455 640
stu1573 1068 1285 828 1422
stu1574 435 462 1542 1330
stu1575 494 1548 847 98
stu1576 491 1528 882 439
stu1577 1213 619 1426 515
stu1578 856 382 65 660
stu1579 1423 525 804 336
stu158 834 984 482 324
stu1580 1510 654 371 1013
stu1581 375 1199 266 205
stu1582 96 1204 930 589
stu1583 583 1172 82 1074
stu1584 1135 360 1512 783
stu1585 978 1374 694 270
stu1586 1151 758 325 1009
stu1587 678 524 1345 19
stu1588 1178 151 428 948
stu1589 745 693 1152 236
stu159 1339 789 1282 689
stu1590 332 517 825 915
stu1591 1084 302 424 655
stu1592 661 1331 833 75
stu1593 1140 1526 1304 123
stu1594 115 64 1131 188
stu1595 587 307 207 200
stu1596 1418 634 1147 598
stu1597 722 130 834 1054
stu1598 42 1054 1364 1126
stu1599 1355 1183 216 1412
stu16 1264 473 369 696
stu160 211 1465 1460 741
stu1600 949 444 882 1485
stu1601 406 621 43 1480
stu1602 684 569 104 666
stu1603 876 1270 866 729
stu1604 339 1408 722 456
stu1605 934 1555 1509 975
stu1606 440 704 536 1191
stu1607 322 147 1038 667
stu1608 591 355 587 392
stu1609 371 25 1267 1054
stu161 1336 1156 790 1060
stu1610 593 766 1115 1468
stu1611 471 1376 28 205
stu1612 1220 750 661 1549
stu1613 136 1 959 576
stu1614 101 891 1162 1382
stu1615 433 635 484 419
stu1616 385 1070 206 755
stu1617 490 1473 1204 1083
stu1618 70 754 986 541
stu1619 1526 1014 141 577
stu162 1417 1391 1144 906
stu1620 1159 197 561 1294
stu1621 1158 1519 1265 1258
stu1622 241 862 471 674
stu1623 892 955 1092 672
stu1624 1420 694 1426 346
stu1625 602 461 1428 671
stu1626 611 245 607 572
stu1627 654 144 1148 248
stu1628 1300 144 1542 893
stu1629 1058 1242 1546 695
stu163 602 235 1341 27
stu1630 1500 453 1368 827
stu1631 803 291 1499 658
stu1632 984 756 399 981
stu1633 613 1222 1048 1223
stu1634 1467 1050 1190 1516
stu1635 589 169 1160 325
stu1636 1272 1137 613 765
stu1637 210 595 855 1105
stu1638 443 658 368 641
stu1639 345 1262 694 1328
stu164 1096 850 163 229
stu1640 453 1093 141 1065
stu1641 750 1188 119 48
stu1642 69 1308 960 658
stu1643 1476 555 982 579
stu1644 1087 30 740 692
stu1645 20 30 233 1422
stu1646 688 600 498 428
stu1647 1257 1192 191 145
stu1648 116 1291 606 261
stu1649 310 724 1269 379
stu165 1463 592 1091 128
stu1650 1428 664 1036 735
stu1651 1218 1413 1314 740
stu1652 1442 489 827 858
stu1653 518 1059 715 601
stu1654 1054 609 1028 746
stu1655 1196 615 891 1311
stu1656 1301 892 967 47
stu1657 51 671 425 874
stu1658 1334 856 45 383
stu1659 704 754 518 1541
stu166 971 8 451 745
stu1660 1242 1345 834 1155
stu1661 839 945 1152 329
stu1662 949 11 1074 580
stu1663 21 1360 1286 1322
stu1664 687 688 764 134
stu1665 1359 1188 1007 524
stu1666 479 447 303 578
stu1667 1200 820 554 273
stu1668 1560 784 824 231
stu1669 1124 411 1519 508
stu167 192 1128 830 402
stu1670 1381 424 1087 798
stu1671 220 808 555 302
stu1672 891 714 1395 685
stu1673 337 838 605 211
stu1674 680 907 184 316
stu1675 1122 737 588 514
stu1676 916 1411 744 475
stu1677 1217 698 982 1034
stu1678 1121 1464 267 736
stu1679 707 217 434 994
stu168 1029 121 1143 800
stu1680 930 264 1074 662
stu1681 1101 114 268 217
stu1682 416 451 1492 934
stu1683 583 515 1447 1499
stu1684 1322 22 409 974
stu1685 719 1391 1403 1235
stu1686 686 1065 407 789
stu1687 677 840 218 1002
stu1688 499 1291 99 996
stu1689 801 1326 608 1216
stu169 1276 368 296 524
stu1690 212 535 1545 795
stu1691 445 823 125 202
stu1692 844 533 572 958
stu1693 1319 1370 629 441
stu1694 871 431 1229 943
stu1695 666 842 381 1164
stu1696 568 1439 595 1368
stu1697 1201 1202 416 808
stu1698 1132 1356 998 13
stu1699 615 1122 1174 1458
stu17 276 29 782 659
stu170 1154 835 826 191
stu1700 1051 181 852 805
stu1701 947 876 641 1213
stu1702 702 1265 591 1367
stu1703 542 367 362 506
stu1704 242 353 1269 1442
stu1705 1554 1080 81 518
stu1706 872 1079 530 1486
stu1707 636 1099 1379 122
stu1708 676 62 323 58
stu1709 937 359 1270 74
stu171 465 602 218 1560
stu1710 1020 1256 836 957
stu1711 59 1198 858 300
stu1712 1550 563 1137 935
stu1713 78 1217 848 949
stu1714 731 1377 870 763
stu1715 912 81 280 23
stu1716 142 602 1040 475
stu1717 357 745 1508 772
stu1718 436 780 164 494
stu1719 1373 1022 189 754
stu172 1451 1340 1184 745
stu1720 20 1325 124 1057
stu1721 374 368 442 500
stu1722 180 707 1262 487
stu1723 787 1542 1469 325
stu1724 1539 944 195 1291
stu1725 1084 138 498 916
stu1726 917 58 805 121
stu1727 1079 994 874 494
stu1728 150 394 1550 523
stu1729 761 1387 419 336
stu173 367 710 268 734
stu1730 530 116 823 712
stu1731 1053 123 432 424
stu1732 463 626 1110 942
stu1733 160 44 293 472
stu1734 101 1098 593 575
stu1735 1487 1466 1068 72
stu1736 1255 449 1555 451
stu1737 1232 409 787 1157
stu1738 1484 1005 304 369
stu1739 523 132 188 381
stu174 717 114 874 304
stu1740 153 1297 1323 312
stu1741 736 1011 784 232
stu1742 1504 772 806 1426
stu1743 69 1269 894 1324
stu1744 1114 280 210 781
stu1745 84 392 373 963
stu1746 792 72 1331 1315
stu1747 1163 914 131 1316
stu1748 647 849 1023 778
stu1749 296 242 406 235
stu175 638 139 705 1062
stu1750 409 607 97 478
stu1751 312 386 237 821
stu1752 61 1406 37 144
stu1753 1194 1369 1106 421
stu1754 836 269 171 435
stu1755 1182 1262 186 1224
stu1756 546 1208 1398 841
stu1757 846 239 1076 650
stu1758 845 568 1127 552
stu1759 349 759 1372 409
stu176 1219 1243 1257 930
stu1760 601 804 552 230
stu1761 4 1053 46 840
stu1762 1321 217 1274 335
stu1763 874 855 954 1419
stu1764 1458 787 92 135
stu1765 421 563 785 1266
stu1766 1130 1307 1213 874
stu1767 502 1021 1282 498
stu1768 1220 269 123 1224
stu1769 717 168 1459 1434
stu177 1007 948 850 596
stu1770 1344 564 204 49
stu1771 1418 1157 1468 707
stu1772 1340 955 842 196
stu1773 1517 1022 857 478
stu1774 764 506 1351 661
stu1775 922 1068 1158 577
stu1776 732 676 1196 1448
stu1777 844 486 1317 19
stu1778 1049 916 68 298
stu1779 1469 931 1005 1244
stu178 218 111 183 78
stu1780 321 1242 835 273
stu1781 95 128 750 858
stu1782 29 536 915 950
stu1783 999 508 1526 166
stu1784 580 554 1009 1423
stu1785 1039 762 837 1484
stu1786 113 904 217 17
stu1787 1230 617 656 1550
stu1788 1254 1491 1218 1348
stu1789 1014 1363 38 1042
stu179 108 1360 1033 1558
stu1790 334 952 427 728
stu1791 855 1348 893 1434
stu1792 1297 338 688 168
stu1793 495 1525 87 607
stu1794 260 1263 20 1490
stu1795 1276 675 871 965
stu1796 1561 525 145 406
stu1797 323 1142 1447 53
stu1798 1489 1269 780 175
stu1799 449 1069 1005 181
stu18 931 1556 350 291
stu180 1135 652 134 897
stu1800 802 128 1308 1296
stu1801 1048 790 1298 704
stu1802 489 713 629 1160
stu1803 1388 1499 560 780
stu1804 1419 100 1186 178
stu1805 637 464 230 561
stu1806 1129 405 736 13
stu1807 1473 176 1153 710
stu1808 1263 293 1401 747
stu1809 1082 1135 1450 966
stu181 1361 66 1473 1474
stu1810 283 1474 561 1066
stu1811 804 517 1242 659
stu1812 616 259 232 1253
stu1813 722 1421 1209 286
stu1814 261 380 1258 1130
stu1815 1515 243 1235 1214
stu1816 535 1072 1356 52
stu1817 38 637 1018 1280
stu1818 1506 14 782 745
stu1819 530 1419 799 542
stu182 940 212 1507 474
stu1820 113 1030 1190 834
stu1821 282 834 516 1503
stu1822 610 1169 1068 560
stu1823 1411 134 1169 1341
stu1824 601 960 1393 638
stu1825 992 242 354 933
stu1826 255 531 1074 181
stu1827 385 308 118 497
stu1828 734 1307 726 1015
stu1829 576 637 349 1185
stu183 313 1004 129 951
stu1830 1202 1416 1141 444
stu1831 946 141 221 1546
stu1832 497 1009 16 1488
stu1833 1250 1329 253 900
stu1834 295 1326 1080 75
stu1835 1029 1197 1531 1158
stu1836 939 88 609 911
stu1837 121 957 1491 1322
stu1838 205 463 1161 1150
stu1839 604 1381 527 1100
stu184 697 454 393 80
stu1840 221 542 1023 1470
stu1841 306 1275 806 600
stu1842 432 1281 70 1461
stu1843 310 36 1054 1248
stu1844 1084 1058 1554 1204
stu1845 1411 877 357 1011
stu1846 1339 1517 1556 1338
stu1847 730 518 873 950
stu1848 1060 1292 252 761
stu1849 398 1057 757 830
stu185 1303 385 1258 809
stu1850 169 826 122 478
stu1851 258 571 1122 1341
stu1852 65 1111 376 871
stu1853 1383 128 1277 1158
stu1854 1040 1268 931 1165
stu1855 221 1200 551 676
stu1856 927 198 1437 720
stu1857 1254 25 1549 818
stu1858 850 1066 1296 503
stu1859 73 853 1239 137
stu186 567 1335 916 362
stu1860 1359 50 403 1178
stu1861 1137 115 167 613
stu1862 1382 493 213 998
stu1863 128 159 1070 450
stu1864 356 338 1170 1005
stu1865 362 1154 259 607
stu1866 656 1554 1110 124
stu1867 238 784 260 32
stu1868 230 58 1209 1366
stu1869 172 1375 1374 949
stu187 804 305 1496 851
stu1870 304 983 1342 431
stu1871 1141 243 277 893
stu1872 580 1446 1293 337
stu1873 431 1551 944 482
stu1874 936 1449 605 1173
stu1875 668 260 1205 293
stu1876 317 245 1055 1448
stu1877 56 260 832 1319
stu1878 1242 6 1145 215
stu1879 248 1421 1107 828
stu188 438 828 648 234
stu1880 698 231 560 1129
stu1881 218 1503 46 549
stu1882 783 651 1118 1451
stu1883 306 758 1139 623
stu1884 398 25 506 1413
stu1885 285 734 1167 922
stu1886 739 144 1136 986
stu1887 1564 74 1209 698
stu1888 305 1165 1222 1482
stu1889 1103 1267 466 322
stu189 290 1516 1104 625
stu1890 1313 19 1168 1015
stu1891 172 138 73 1530
stu1892 163 1538 1378 1407
stu1893 707 981 764 841
stu1894 1124 336 1223 519
stu1895 1369 263 612 109
stu1896 1427 269 26 362
stu1897 932 1452 79 76
stu1898 866 642 1090 434
stu1899 779 558 399 337
stu19 1433 173 227 944
stu190 1124 1046 1098 832
stu1900 532 212 179 634
stu1901 588 339 871 1107
stu1902 674 1489 62 1438
stu1903 187 69 1547 1010
stu1904 1298 968 767 665
stu1905 251 845 136 1117
stu1906 1486 622 1550 96
stu1907 1179 384 1393 146
stu1908 1555 967 176 579
stu1909 1305 442 121 1374
stu191 1446 622 218 578
stu1910 366 1142 1248 552
stu1911 607 626 957 340
stu1912 29 159 400 280
stu1913 1003 535 792 320
stu1914 1156 777 1376 167
stu1915 556 1204 1272 546
stu1916 2 1447 520 1307
stu1917 324 37 512 85
stu1918 1178 195 637 1180
stu1919 820 989 1519 245
stu192 472 7 53 210
stu1920 1148 1314 1484 1546
stu1921 1245 711 1262 232
stu1922 883 1073 398 1438
stu1923 108 106 1379 109
stu1924 948 1295 811 668
stu1925 1331 1323 752 340
stu1926 913 784 1520 1129
stu1927 209 870 1373 752
stu1928 620 1292 733 300
stu1929 1398 1390 531 716
stu193 391 1310 415 957
stu1930 294 929 1549 401
stu1931 430 759 1470 1377
stu1932 489 112 1440 1215
stu1933 1434 628 1555 179
stu1934 1411 1510 1307 1015
stu1935 815 1115 202 1434
stu1936 238 331 1129 1031
stu1937 156 96 1142 450
stu1938 420 1126 246 849
stu1939 1280 1111 57 1165
stu194 477 1330 714 676
stu1940 1223 1497 815 488
stu1941 560 805 666 1366
stu1942 146 1368 817 961
stu1943 314 1018 226 551
stu1944 1348 1355 977 900
stu1945 846 554 745 1265
stu1946 1075 990 1509 791
stu1947 1497 1 391 551
stu1948 893 601 1038 848
stu1949 1406 1100 650 1551
stu195 71 41 1526 1468
stu1950 299 1466 343 613
stu1951 315 1529 559 1059
stu1952 1319 1536 394 1560
stu1953 525 534 1260 996
stu1954 1523 600 222 851
stu1955 1560 8 1401 889
stu1956 4 875 172 1409
stu1957 1370 821 792 104
stu1958 118 530 112 1393
stu1959 494 671 887 1208
stu196 868 5 1098 553
stu1960 642 676 1203 562
stu1961 1209 294 1557 563
stu1962 893 1174 1414 889
stu1963 577 1250 1173 581
stu1964 1520 1344 1385 721
stu1965 1561 8 221 1074
stu1966 538 332 902 1031
stu1967 1002 1184 675 1039
stu1968 1255 1273 997 295
stu1969 3 385 254 291
stu197 1521 637 1177 476
stu1970 955 103 575 1531
stu1971 748 183 1507 100
stu1972 1527 1328 820 919
stu1973 1335 1040 428 308
stu1974 768 726 735 1165
stu1975 1305 805 640 996
stu1976 513 1032 1290 1475
stu1977 812 1543 202 1041
stu1978 776 1129 1185 959
stu1979 1071 1284 317 230
stu198 1078 107 1307 959
stu1980 1499 631 1 975
stu1981 1058 1268 1138 1179
stu1982 1398 738 920 34
stu1983 773 1311 547 240
stu1984 1036 1417 448 411
stu1985 54 649 847 226
stu1986 213 467 580 680
stu1987 1146 292 909 1081
stu1988 922 305 1451 1375
stu1989 969 1024 990 198
stu199 728 1524 932 595
stu1990 197 1305 232 970
stu1991 1051 174 605 1482
stu1992 26 1052 1288 1040
stu1993 1097 571 1265 705
stu1994 433 1240 1384 15
stu1995 1531 125 1095 284
stu1996 1389 377 94 189
stu1997 1400 479 387 992
stu1998 219 618 1357 665
stu1999 187 398 583 212
stu2 655 1184 1243 1292
stu20 269 1409 1291 162
stu200 1530 985 201 356
stu2000 845 1266 1251 1337
stu2001 1232 347 478 101
stu2002 22 1257 1075 948
stu2003 777 1 1231 602
stu2004 377 721 186 1172
stu2005 1199 572 599 814
stu2006 585 392 1478 167
stu2007 185 1456 379 425
stu2008 1158 1025 198 825
stu2009 1372 675 321 789
stu201 126 615 708 602
stu2010 1327 791 1133 540
stu2011 791 799 537 563
stu2012 1519 722 1130 550
stu2013 690 165 1363 670
stu2014 1516 672 837 136
stu2015 564 1215 560 157
stu2016 71 757 377 1442
stu2017 827 94 63 590
stu2018 884 1195 1129 1071
stu2019 1389 1061 1029 740
stu202 380 817 673 450
stu2020 218 595 1289 303
stu2021 759 483 973 106
stu2022 1154 1205 241 153
stu2023 855 196 1269 321
stu2024 349 1042 199 571
stu2025 1135 1221 1160 454
stu2026 851 120 920 71
stu2027 1180 385 810 794
stu2028 979 1494 1096 1133
stu2029 412 1464 634 962
stu203 857 635 354 1121
stu2030 1104 874 1114 1354
stu2031 465 215 111 813
stu2032 1256 309 780 826
stu2033 925 375 675 211
stu2034 1455 991 1241 466
stu2035 1375 1447 1259 185
stu2036 1376 791 713 1184
stu2037 86 1346 581 1190
stu2038 51 1090 979 1475
stu2039 700 1089 120 1351
stu204 639 1451 109 1555
stu2040 793 899 612 153
stu2041 1273 683 1323 559
stu2042 109 1000 1025 879
stu2043 278 719 459 89
stu2044 905 567 668 991
stu2045 1308 644 616 1358
stu2046 1130 990 1268 265
stu2047 515 1387 52 703
stu2048 117 59 856 1390
stu2049 137 10 1344 1205
stu205 1483 682 466 392
stu2050 405 804 1479 682
stu2051 919 373 167 259
stu2052 939 834 645 682
stu2053 874 656 1435 439
stu2054 82 535 99 596
stu2055 1317 1110 694 1434
stu2056 565 945 655 701
stu2057 955 434 1302 755
stu2058 1238 1216 1437 592
stu2059 985 999 246 359
stu206 788 208 1351 911
stu2060 1228 891 437 537
stu2061 1546 1267 371 1023
stu2062 237 1430 1014 950
stu2063 975 144 819 935
stu2064 1088 1473 1032 1438
stu2065 342 769 629 975
stu2066 420 1461 962 1404
stu2067 895 604 1159 558
stu2068 890 991 491 871
stu2069 89 257 1290 326
stu207 1128 718 1506 1093
stu2070 122 739 1275 493
stu2071 882 1489 1427 406
stu2072 1397 894 1239 1134
stu2073 98 303 1505 1478
stu2074 199 298 713 489
stu2075 901 307 443 226
stu2076 693 329 493 782
stu2077 585 218 503 707
stu2078 956 1173 1199 1234
stu2079 1097 1061 1035 325
stu208 1098 142 845 1224
stu2080 1351 709 854 1448
stu2081 1012 794 757 606
stu2082 488 1470 1095 1388
stu2083 1172 933 50 301
stu2084 1261 542 478 281
stu2085 155 980 383 1110
stu2086 1548 17 779 1080
stu2087 474 249 800 1220
stu2088 958 89 1103 1365
stu2089 279 1256 1366 766
stu209 756 948 1221 1135
stu2090 1161 292 1549 164
stu2091 1224 34 1424 920
stu2092 1535 337 597 125
stu2093 712 979 631 695
stu2094 392 805 1170 865
stu2095 450 1365 1480 803
stu2096 850 1018 603 524
stu2097 105 404 685 1265
stu2098 696 669 1429 1315
stu2099 99 1288 67 1029
stu21 498 1408 532 1368
stu210 201 330 981 453
stu2100 1021 663 550 1128
stu2101 77 1180 259 1428
stu2102 1380 824 124 265
stu2103 21 39 1067 870
stu2104 453 105 1393 557
stu2105 1469 513 1218 1560
stu2106 577 478 1310 675
stu2107 201 1376 1100 617
stu2108 1434 85 181 907
stu2109 660 1399 770 475
stu211 360 730 9 394
stu2110 54 894 740 74
stu2111 932 1202 943 1384
stu2112 703 167 377 3
stu2113 75 30 1562 652
stu2114 507 703 722 103
stu2115 1475 257 116 1344
stu2116 341 1256 686 1000
stu2117 1090 1456 871 1143
stu2118 181 1006 613 1112
stu2119 643 1555 932 1345
stu212 12 1078 1345 1494
stu2120 1118 704 1347 1192
stu2121 129 740 279 31
stu2122 1443 1001 1093 1353
stu2123 1257 1208 528 994
stu2124 899 1214 1389 1384
stu2125 501 695 963 681
stu2126 136 971 228 175
stu2127 961 555 915 514
stu2128 654 94 1102 782
stu2129 833 1380 208 107
stu213 195 1206 321 982
stu2130 212 1301 855 1469
stu2131 944 1383 294 1239
stu2132 1032 118 1058 928
stu2133 813 1416 44 344
stu2134 822 1231 518 1179
stu2135 1182 829 1088 271
stu2136 922 625 449 190
stu2137 441 52 1257 652
stu2138 1352 547 1516 128
stu2139 365 245 1366 792
stu214 810 1067 1288 373
stu2140 1323 859 1115 571
stu2141 107 1158 310 928
stu2142 221 224 1502 798
stu2143 1052 1026 464 409
stu2144 1046 308 1558 882
stu2145 360 1250 1534 147
stu2146 233 881 274 1557
stu2147 522 1035 785 280
stu2148 1290 335 246 1396
stu2149 889 555 155 505
stu215 1181 1229 861 714
stu2150 778 93 1302 265
stu2151 514 201 69 1559
stu2152 509 63 877 868
stu2153 1312 242 410 940
stu2154 518 684 933 1039
stu2155 154 1113 714 1443
stu2156 843 355 670 1127
stu2157 306 825 67 479
stu2158 313 764 744 222
stu2159 361 208 216 869
stu216 766 1101 1333 1521
stu2160 270 488 1132 18
stu2161 125 937 957 643
stu2162 56 1285 1077 1170
stu2163 833 1187 444 112
stu2164 1541 510 1238 282
stu2165 1334 701 761 1042
stu2166 1464 900 1263 260
stu2167 1107 874 524 1377
stu2168 1362 1051 790 1486
stu2169 424 1142 1524 1439
stu217 485 386 488 81
stu2170 863 1037 440 1091
stu2171 659 280 598 31
stu2172 789 1232 313 1518
stu2173 368 469 995 1227
stu2174 1368 89 883 306
stu2175 962 802 1078 155
stu2176 1249 303 1037 1068
stu2177 841 996 942 1099
stu2178 468 778 21 522
stu2179 453 619 553 1241
stu218 715 864 533 470
stu2180 1246 865 590 1009
stu2181 729 980 671 1492
stu2182 1068 949 233 1425
stu2183 187 1311 16 831
stu2184 1009 1052 334 1245
stu2185 483 671 779 347
stu2186 844 800 868 1296
stu2187 814 816 972 495
stu2188 1076 957 1503 240
stu2189 372 5 167 835
stu219 29 1502 259 40
stu2190 954 400 696 536
stu2191 1106 107 762 550
stu2192 554 1095 231 432
stu2193 201 405 778 1045
stu2194 600 1042 776 1413
stu2195 293 1144 1303 765
stu2196 1496 1241 1004 304
stu2197 642 567 1138 991
stu2198 966 1229 1526 1467
stu2199 1335 723 1412 324
stu22 1544 986 1463 632
stu220 411 39 929 605
stu2200 1213 1038 152 1413
stu2201 1443 325 289 478
stu2202 1366 461 1287 1055
stu2203 1000 1025 255 931
stu2204 98 654 1234 739
stu2205 1220 204 165 17
stu2206 828 1086 879 1559
stu2207 1204 727 1278 852
stu2208 200 1429 96 1038
stu2209 190 1345 1516 951
stu221 1245 645 982 490
stu2210 241 634 441 1240
stu2211 1054 91 2 1151
stu2212 141 632 1285 1360
stu2213 231 1449 773 1058
stu2214 366 87 1052 965
stu2215 813 766 1212 409
stu2216 630 1308 1446 819
stu2217 484 793 206 724
stu2218 1426 42 1359 916
stu2219 1093 756 1462 1233
stu222 1108 705 258 724
stu2220 1387 1183 424 53
stu2221 463 592 1111 829
stu2222 679 1558 1189 887
stu2223 759 837 1295 785
stu2224 1540 1177 999 459
stu2225 1365 1204 578 1227
stu2226 642 1332 1538 170
stu2227 523 1435 798 1306
stu2228 1053 1221 1358 1516
stu2229 249 300 176 323
stu223 1330 1118 833 531
stu2230 294 760 1209 448
stu2231 32 336 1232 7
stu2232 908 667 1425 708
stu2233 1266 1398 1330 1303
stu2234 1165 1303 868 1084
stu2235 570 101 825 58
stu2236 718 14 969 362
stu2237 1274 540 80 3
stu2238 1300 1288 1410 727
stu2239 1019 1078 130 362
stu224 655 602 1448 535
stu2240 1140 1554 466 237
stu2241 784 231 1540 1344
stu2242 930 239 863 1499
stu2243 340 1083 952 453
stu2244 493 1317 210 202
stu2245 292 289 1164 987
stu2246 972 1009 150 427
stu2247 1482 1239 184 1057
stu2248 624 45 690 1407
stu2249 276 61 1187 601
stu225 987 371 615 1097
stu2250 299 1445 535 34
stu2251 360 1486 1446 852
stu2252 1238 91 1053 926
stu2253 379 652 348 747
stu2254 96 1457 1173 974
stu2255 1131 752 1426 191
stu2256 797 551 993 468
stu2257 7 11 1068 306
stu2258 1456 38 339 251
stu2259 919 1181 498 1553
stu226 630 543 962 658
stu2260 1271 1550 914 1046
stu2261 33 657 228 1088
stu2262 1510 1400 497 472
stu2263 1547 359 58 779
stu2264 305 1051 642 312
stu2265 1061 145 617 348
stu2266 1142 351 1558 1457
stu2267 1531 491 1445 634
stu2268 1436 190 115 1468
stu2269 846 342 992 791
stu227 480 1220 93 286
stu2270 1137 884 659 1119
stu2271 1242 716 1294 1547
stu2272 202 371 1254 659
stu2273 1476 1266 1006 449
stu2274 52 1000 341 979
stu2275 1490 221 48 1362
stu2276 1370 162 661 652
stu2277 1463 88 838 1035
stu2278 972 1496 1549 45
stu2279 648 1278 987 245
stu228 1259 1021 890 335
stu2280 1045 676 903 352
stu2281 377 345 800 1389
stu2282 740 537 199 665
stu2283 757 246 1422 1523
stu2284 1367 519 610 661
stu2285 2 843 131 369
stu2286 171 115 1374 818
stu2287 789 796 458 1229
stu2288 868 1361 16 640
stu2289 1101 211 1424 276
stu229 1061 1267 824 604
stu2290 747 58 336 900
stu2291 1263 194 858 461
stu2292 108 1467 1121 1069
stu2293 141 647 834 311
stu2294 762 643 524 946
stu2295 834 982 610 137
stu2296 778 625 173 314
stu2297 835 32 1549 978
stu2298 1050 320 313 144
stu2299 1473 1170 605 16
stu23 344 130 1226 43
stu230 1368 1081 723 1133
stu2300 468 1121 481 608
stu2301 204 1314 315 361
stu2302 392 838 1306 1225
stu2303 255 351 758 428
stu2304 371 326 137 601
stu2305 1317 121 14 802
stu2306 441 326 946 1309
stu2307 891 946 1325 1358
stu2308 1462 1201 1362 101
stu2309 950 112 461 737
stu231 30 1556 1059 684
stu2310 345 1162 1357 1560
stu2311 1512 1510 423 1278
stu2312 271 1520 315 24
stu2313 1036 1288 221 872
stu2314 1010 562 617 336
stu2315 903 377 1090 801
stu2316 13 283 901 358
stu2317 1354 758 1094 134
stu2318 355 886 129 1263
stu2319 832 1512 976 498
stu232 1553 338 1218 371
stu2320 863 686 521 334
stu2321 410 138 1206 815
stu2322 699 258 546 38
stu2323 30 71 838 1002
stu2324 1313 1134 1359 1102
stu2325 327 284 632 78
stu2326 565 760 1340 1396
stu2327 103 147 330 965
stu2328 229 246 1299 34
stu2329 383 336 848 478
stu233 104 1228 863 733
stu2330 593 1393 515 622
stu2331 860 748 59 608
stu2332 317 813 146 40
stu2333 1096 777 117 96
stu2334 932 852 888 431
stu2335 998 613 1395 622
stu2336 254 525 655 637
stu2337 860 1502 510 848
stu2338 727 1024 1469 22
stu2339 207 923 629 1483
stu234 207 260 1390 82
stu2340 171 170 1522 662
stu2341 342 74 758 670
stu2342 321 81 1100 715
stu2343 89 326 1336 342
stu2344 247 427 374 1106
stu2345 1324 883 1350 486
stu2346 342 1254 507 1508
stu2347 9 532 823 179
stu2348 97 780 237 439
stu2349 250 994 1108 570
stu235 1479 1482 368 569
stu2350 470 643 1284 558
stu2351 968 452 295 1214
stu2352 878 669 152 33
stu2353 1551 1501 519 1289
stu2354 586 421 628 1554
stu2355 348 1450 169 445
stu2356 666 1365 883 311
stu2357 794 426 880 659
stu2358 464 1560 612 827
stu2359 447 906 1437 720
stu236 334 653 903 791
stu2360 10 984 752 1561
stu2361 316 1270 681 297
stu2362 1087 1308 287 1434
stu2363 1194 1415 1274 1255
stu2364 1215 592 1 1404
stu2365 413 276 498 272
stu2366 271 1109 1099 113
stu2367 1410 367 832 1420
stu2368 1350 20 812 1061
stu2369 685 1492 1357 1167
stu237 356 1122 790 159
stu2370 1235 79 433 260
stu2371 1493 142 1514 1143
stu2372 130 910 982 542
stu2373 1186 875 210 852
stu2374 419 704 965 265
stu2375 1070 232 1080 251
stu2376 251 1287 1311 332
stu2377 1214 1103 1498 280
stu2378 1182 366 1500 506
stu2379 508 845 1045 637
stu238 638 1513 687 64
stu2380 191 1422 574 1376
stu2381 733 783 663 547
stu2382 882 1023 207 387
stu2383 1255 682 637 901
stu2384 404 383 1232 53
stu2385 882 562 1293 1459
stu2386 927 1228 400 830
stu2387 508 1444 862 94
stu2388 698 832 865 1430
stu2389 1010 1528 1372 328
stu239 900 1141 143 888
stu2390 382 15 714 72
stu2391 696 747 973 496
stu2392 525 36 548 1406
stu2393 1557 1236 1300 920
stu2394 295 136 1145 199
stu2395 975 1403 292 1068
stu2396 670 1157 933 115
stu2397 516 137 442 897
stu2398 1111 552 365 1202
stu2399 1298 733 133 258
stu24 602 990 135 274
stu240 1479 1361 654 18
stu2400 164 77 100 157
stu2401 1312 795 1076 1003
stu2402 326 52 1201 1301
stu2403 1454 888 200 559
stu2404 1440 1133 70 1351
stu2405 665 511 80 211
stu2406 458 444 1412 191
stu2407 1176 941 1409 1339
stu2408 1017 1508 1495 160
stu2409 738 402 1162 1064
stu241 420 1516 751 626
stu2410 1414 194 196 699
stu2411 478 395 1258 353
stu2412 923 723 140 983
stu2413 629 1179 1193 1087
stu2414 58 437 1277 629
stu2415 773 1121 1363 225
stu2416 460 690 1344 594
stu2417 487 338 1053 336
stu2418 531 644 1035 1008
stu2419 434 124 757 753
stu242 211 1536 104 1085
stu2420 846 292 171 1474
stu2421 1470 760 996 923
stu2422 592 105 1551 1364
stu2423 621 1349 984 477
stu2424 474 763 1070 961
stu2425 1100 1518 692 1027
stu2426 597 162 1430 426
stu2427 1245 18 1178 1486
stu2428 309 745 1396 1174
stu2429 1504 223 532 1491
stu243 1454 1431 90 1183
stu2430 1287 518 1290 1304
stu2431 1263 105 216 1132
stu2432 263 1285 1488 759
stu2433 634 616 221 626
stu2434 173 1046 1051 1418
stu2435 1064 61 1339 768
stu2436 805 566 378 140
stu2437 185 305 66 867
stu2438 219 751 606 1481
stu2439 855 821 444 1117
stu244 519 992 409 874
stu2440 1501 368 311 1530
stu2441 983 1491 591 551
stu2442 973 1038 1364 1432
stu2443 1098 1139 635 1298
stu2444 1100 408 1437 680
stu2445 713 1502 1547 931
stu2446 688 1548 243 938
stu2447 805 686 490 137
stu2448 1053 197 103 1431
stu2449 123 693 418 491
stu245 550 1199 428 583
stu2450 166 217 358 659
stu2451 751 389 392 1247
stu2452 796 264 362 904
stu2453 1161 1304 270 1244
stu2454 1288 512 617 1488
stu2455 594 503 1020 82
stu2456 699 1122 909 217
stu2457 1211 722 104 772
stu2458 334 461 1431 1085
stu2459 245 1218 163 1041
stu246 543 510 42 1442
stu2460 1482 1484 380 474
stu2461 1224 46 154 343
stu2462 1517 770 1226 546
stu2463 1272 681 24 1366
stu2464 1199 932 19 845
stu2465 1049 122 52 1382
stu2466 1542 878 902 223
stu2467 532 460 659 1409
stu2468 380 434 318 999
stu2469 479 471 737 432
stu247 87 185 161 1
stu2470 1241 398 977 344
stu2471 474 396 146 108
stu2472 1327 1124 952 811
stu2473 1245 400 629 618
stu2474 673 926 840 1204
stu2475 1386 894 444 1161
stu2476 1328 762 595 242
stu2477 628 1331 673 1264
stu2478 1124 1046 44 33
stu2479 1441 189 141 600
stu248 941 814 18 1360
stu2480 1312 488 806 388
stu2481 283 830 401 956
stu2482 192 1241 595 973
stu2483 1530 435 569 1293
stu2484 1196 559 1535 259
stu2485 325 39 1523 1448
stu2486 480 962 876 1317
stu2487 546 1016 352 1253
stu2488 900 553 76 1182
stu2489 1383 476 1533 970
stu249 161 164 1382 1331
stu2490 1112 564 378 1078
stu2491 394 342 202 25
stu2492 900 1132 1243 620
stu2493 567 597 1463 1046
stu2494 1558 774 798 539
stu2495 1186 545 227 521
stu2496 1098 1262 916 1134
stu2497 1067 321 77 1026
stu2498 94 550 1419 1395
stu2499 752 839 126 319
stu25 1018 312 932 384
stu250 136 1485 851 985
stu2500 517 745 885 510
stu2501 39 1327 503 812
stu2502 560 438 1393 501
stu2503 60 1309 994 1322
stu2504 239 1305 891 61
stu2505 363 162 1114 913
stu2506 976 944 100 250
stu2507 1069 418 162 1209
stu2508 699 671 1247 461
stu2509 570 1454 416 1007
stu251 747 940 603 1265
stu2510 679 312 1066 423
stu2511 1305 219 661 1045
stu2512 505 1361 501 868
stu2513 918 1010 216 329
stu2514 389 315 578 853
stu2515 128 136 1457 222
stu2516 202 1139 682 771
stu2517 425 494 1173 1103
stu2518 805 71 921 546
stu2519 289 978 986 794
stu252 1328 408 1535 1273
stu2520 170 1487 1057 1088
stu2521 932 1272 1416 717
stu2522 982 1390 965 505
stu2523 921 858 727 1122
stu2524 1392 804 329 252
stu2525 1297 897 750 1498
stu2526 967 1067 479 1256
stu2527 1440 860 1445 45
stu2528 178 937 1132 1110
stu2529 40 380 1222 417
stu253 1002 1358 1251 940
stu2530 1165 622 921 521
stu2531 875 1043 78 703
stu2532 283 1366 350 975
stu2533 699 496 908 101
stu2534 1562 782 752 833
stu2535 78 632 877 255
stu2536 964 1405 760 1003
stu2537 220 1377 1419 780
stu2538 1395 172 1300 705
stu2539 610 773 1407 288
stu254 304 1293 817 390
stu2540 575 193 1263 1273
stu2541 688 2 769 81
stu2542 180 1521 913 1217
stu2543 1548 1185 867 948
stu2544 1025 1023 1346 640
stu2545 835 597 1419 665
stu2546 768 1154 1370 1377
stu2547 363 608 101 333
stu2548 800 759 1001 883
stu2549 156 205 359 335
stu255 1477 373 390 249
stu2550 1121 1271 1551 1105
stu2551 288 250 1448 1312
stu2552 1272 1229 388 542
stu2553 261 1202 603 424
stu2554 792 1368 237 550
stu2555 411 1297 882 607
stu2556 1451 318 1489 42
stu2557 1482 284 1337 1039
stu2558 950 719 1539 1237
stu2559 968 1422 381 675
stu256 582 1367 44 742
stu2560 1086 164 613 743
stu2561 1365 1215 1166 1552
stu2562 414 798 1497 824
stu2563 1490 210 1430 1376
stu2564 1487 751 814 1405
stu2565 430 586 275 1379
stu2566 700 1209 448 104
stu2567 1066 224 174 1547
stu2568 387 786 121 187
stu2569 1396 1287 1135 245
stu257 1531 1425 508 1062
stu2570 520 1067 465 1406
stu2571 1277 1290 1217 1199
stu2572 476 1426 435 905
stu2573 1407 105 116 543
stu2574 1313 1523 42 210
stu2575 182 215 1153 568
stu2576 397 1273 150 228
stu2577 995 680 1433 911
stu2578 183 1293 752 855
stu2579 1018 1364 1449 1494
stu258 741 754 482 1487
stu2580 1226 1280 230 1068
stu2581 1384 1305 1006 529
stu2582 1263 1047 738 1444
stu2583 1262 326 1407 1054
stu2584 35 1557 1281 1029
stu2585 68 545 1335 1210
stu2586 273 522 500 1291
stu2587 322 1345 616 943
stu2588 456 241 1406 275
stu2589 1546 848 803 1244
stu259 1090 480 584 249
stu2590 1290 937 520 383
stu2591 1262 362 1436 1296
stu2592 1314 549 157 1382
stu2593 1093 887 1027 762
stu2594 1409 923 488 1126
stu2595 99 499 1464 554
stu2596 739 1305 224 720
stu2597 588 423 1360 1274
stu2598 1359 315 92 1056
stu2599 72 1528 184 1386
stu26 303 1281 675 1132
stu260 283 554 1521 680
stu2600 1472 1300 599 1000
stu2601 18 61 197 1426
stu2602 379 80 383 477
stu2603 1538 282 1030 109
stu2604 23 650 224 6
stu2605 1072 19 675 866
stu2606 1293 767 1317 1365
stu2607 126 896 582 33
stu2608 27 1180 428 45
stu2609 636 21 866 1015
stu261 347 603 55 650
stu2610 1060 1249 887 1034
stu2611 926 353 1142 344
stu2612 1002 761 1310 1469
stu2613 780 420 166 1468
stu2614 1186 1482 664 707
stu2615 210 641 135 236
stu2616 256 1523 280 288
stu2617 1543 542 698 1038
stu2618 226 20 1467 547
stu2619 1332 440 891 165
stu262 1291 267 435 599
stu2620 1201 636 69 1376
stu2621 1055 234 1279 73
stu2622 1112 1339 175 1321
stu2623 415 310 1556 67
stu2624 268 1232 354 1206
stu2625 209 1051 75 1394
stu2626 466 1542 376 234
stu2627 417 662 398 1013
stu2628 1297 467 824 788
stu2629 700 1499 256 247
stu263 639 220 847 616
stu2630 1273 430 963 123
stu2631 135 351 189 1362
stu2632 18 1502 1003 1186
stu2633 988 1078 411 1454
stu2634 1055 786 1083 867
stu2635 1448 1480 1276 576
stu2636 382 1495 759 478
stu2637 1429 1014 120 1137
stu2638 840 1083 656 974
stu2639 1433 844 772 846
stu264 23 891 753 949
stu2640 782 210 1427 1165
stu2641 683 273 450 1133
stu2642 454 1532 436 1297
stu2643 844 1107 309 1225
stu2644 1037 1067 1098 902
stu2645 1477 1218 1434 752
stu2646 132 525 1121 960
stu2647 765 1288 1201 942
stu2648 894 1063 1502 12
stu2649 731 1348 1145 1184
stu265 147 656 1406 888
stu2650 711 976 917 1554
stu2651 518 621 611 1554
stu2652 123 144 287 995
stu2653 757 1117 1142 284
stu2654 77 699 639 237
stu2655 1382 275 574 711
stu2656 733 512 723 1463
stu2657 295 1263 1083 401
stu2658 674 1395 391 587
stu2659 451 1001 1536 1533
stu266 1410 323 206 935
stu2660 540 259 360 693
stu2661 1375 1501 976 847
stu2662 31 51 480 1413
stu2663 1285 1053 559 454
stu2664 1564 677 1312 1254
stu2665 375 226 91 1048
stu2666 56 481 70 1466
stu2667 877 1002 831 812
stu2668 1260 1190 1504 466
stu2669 1126 916 708 553
stu267 198 789 1183 481
stu2670 362 1187 401 1042
stu2671 676 355 891 71
stu2672 1032 639 721 1406
stu2673 864 811 286 316
stu2674 687 1315 1177 959
stu2675 752 443 206 1407
stu2676 1028 146 1268 590
stu2677 457 412 1142 818
stu2678 994 938 1255 105
stu2679 1292 582 1136 155
stu268 1342 535 1160 1085
stu2680 1220 292 957 1479
stu2681 498 1242 1190 1184
stu2682 388 803 578 1140
stu2683 641 783 378 105
stu2684 324 82 90 780
stu2685 493 627 993 1486
stu2686 1564 684 987 687
stu2687 1265 1518 842 316
stu2688 1205 1194 230 138
stu2689 871 1420 1321 1258
stu269 533 611 1130 260
stu2690 54 1294 229 694
stu2691 1472 607 194 1192
stu2692 84 283 407 576
stu2693 909 796 1457 304
stu2694 1479 275 387 575
stu2695 1188 1228 890 828
stu2696 253 515 965 1123
stu2697 370 117 212 1383
stu2698 1410 1401 1473 714
stu2699 1403 102 341 1486
stu27 1454 297 511 1118
stu270 877 961 858 912
stu2700 1345 143 1457 85
stu2701 938 745 389 248
stu2702 1020 775 822 39
stu2703 1398 1107 867 86
stu2704 58 267 604 1387
stu2705 1344 211 1206 1189
stu2706 47 510 1298 845
stu2707 611 74 766 1351
stu2708 217 658 1436 550
stu2709 1403 260 798 254
stu271 1180 141 1527 598
stu2710 430 1015 1252 1223
stu2711 558 554 704 615
stu2712 217 703 1397 1560
stu2713 913 434 580 356
stu2714 943 314 1200 950
stu2715 1347 402 736 959
stu2716 455 607 1509 1253
stu2717 262 742 902 87
stu2718 1152 590 1309 145
stu2719 539 1408 155 755
stu272 1031 716 942 1177
stu2720 546 1552 750 1459
stu2721 421 726 250 1364
stu2722 1039 1449 749 821
stu2723 1246 880 1176 137
stu2724 1487 1120 785 1144
stu2725 1257 123 1231 844
stu2726 712 371 385 1250
stu2727 1175 539 1401 156
stu2728 526 1546 1010 343
stu2729 707 1259 1102 181
stu273 1371 783 1460 612
stu2730 540 1246 398 1181
stu2731 561 9 713 1443
stu2732 524 1498 1023 1176
stu2733 56 85 1415 163
stu2734 1415 235 808 1025
stu2735 774 40 1181 695
stu2736 22 626 1037 728
stu2737 1281 574 305 1216
stu2738 255 98 832 816
stu2739 1066 1545 90 25
stu274 501 102 1546 699
stu2740 874 1112 596 325
stu2741 592 446 1447 443
stu2742 681 690 1467 1454
stu2743 126 479 584 147
stu2744 501 57 270 1177
stu2745 26 574 828 281
stu2746 671 1055 492 172
stu2747 431 581 1156 1304
stu2748 1089 187 64 116
stu2749 633 1510 1518 1313
stu275 286 560 575 1024
stu2750 32 817 598 157
stu2751 1295 1181 1263 1191
stu2752 633 1532 803 55
stu2753 542 1026 1295 608
stu2754 517 1182 780 947
stu2755 198 1331 687 682
stu2756 1518 146 194 586
stu2757 92 147 1294 1083
stu2758 359 327 635 1050
stu2759 903 333 676 932
stu276 490 1130 544 419
stu2760 300 875 986 237
stu2761 336 112 241 852
stu2762 1293 1020 235 886
stu2763 182 317 4 135
stu2764 1422 1157 116 1513
stu2765 699 805 427 1058
stu2766 1131 1061 543 1430
stu2767 1393 614 193 1089
stu2768 1488 574 721 1220
stu2769 685 961 507 413
stu277 176 1069 678 1053
stu2770 1376 137 1298 1558
stu2771 1413 697 128 1271
stu2772 289 1204 615 988
stu2773 444 1042 1441 971
stu2774 538 1379 836 1327
stu2775 428 1028 851 1312
stu2776 997 7 967 117
stu2777 364 869 529 175
stu2778 1006 1222 168 854
stu2779 355 1256 560 39
stu278 465 1535 1360 81
stu2780 895 1175 422 734
stu2781 48 298 140 585
stu2782 112 371 1307 1500
stu2783 794 593 643 226
stu2784 1560 45 342 359
stu2785 913 266 1493 1314
stu2786 884 97 604 1238
stu2787 748 559 672 1038
stu2788 1129 1094 207 1176
stu2789 787 1307 1157 295
stu279 1071 1322 74 1497
stu2790 113 899 230 303
stu2791 888 872 528 279
stu2792 312 266 33 620
stu2793 531 1525 370 1414
stu2794 1017 369 483 200
stu2795 323 1155 633 1452
stu2796 80 236 459 262
stu2797 1542 1011 556 1050
stu2798 1306 181 1352 629
stu2799 1052 316 303 759
stu28 141 1197 1279 35
stu280 1433 1016 506 636
stu2800 581 335 1379 507
stu2801 295 184 357 708
stu2802 1512 235 303 270
stu2803 785 936 1117 260
stu2804 1171 972 522 1148
stu2805 418 1077 29 1119
stu2806 1258 1381 183 141
stu2807 1092 1445 900 1068
stu2808 215 110 10 1470
stu2809 293 1326 613 240
stu281 234 401 1247 735
stu2810 1561 915 1469 177
stu2811 286 1022 437 852
stu2812 429 958 435 242
stu2813 1430 1424 1361 519
stu2814 1240 939 660 163
stu2815 820 955 1230 430
stu2816 1064 635 335 752
stu2817 397 343 387 1353
stu2818 654 291 1529 335
stu2819 708 1361 1187 532
stu282 1462 625 1433 1144
stu2820 754 1017 774 16
stu2821 876 1530 534 1511
stu2822 300 589 109 515
stu2823 939 1338 945 1398
stu2824 1369 675 1545 201
stu2825 1018 367 949 107
stu2826 54 309 1401 157
stu2827 106 1023 689 255
stu2828 476 858 1230 1351
stu2829 219 200 1298 518
stu283 1184 1403 603 1070
stu2830 184 802 1033 519
stu2831 1536 1373 352 1340
stu2832 483 333 936 896
stu2833 95 320 398 1108
stu2834 628 235 1265 129
stu2835 1257 389 384 168
stu2836 642 49 915 860
stu2837 1208 44 1377 788
stu2838 241 1306 212 49
stu2839 1053 1551 532 781
stu284 968 542 1488 1144
stu2840 922 823 272 1241
stu2841 1221 1379 1265 1455
stu2842 1079 1393 543 863
stu2843 1172 711 900 617
stu2844 1021 195 1220 460
stu2845 968 443 700 1208
stu2846 184 912 653 633
stu2847 898 580 1413 1216
stu2848 1402 120 288 1058
stu2849 1499 1552 344 409
stu285 46 1561 28 1471
stu2850 777 887 668 1344
stu2851 993 3 396 449
stu2852 1158 52 304 561
stu2853 1454 1003 1164 1034
stu2854 1310 252 102 40
stu2855 831 910 1255 669
stu2856 1030 938 1122 360
stu2857 926 1466 164 1098
stu2858 788 227 877 1176
stu2859 230 669 1020 783
stu286 927 1387 947 434
stu2860 116 1323 739 5
stu2861 157 338 434 863
stu2862 590 535 902 816
stu2863 1445 1552 880 306
stu2864 925 438 665 1246
stu2865 1299 828 779 1482
stu2866 1055 1052 1093 680
stu2867 1116 548 858 1231
stu2868 1266 32 631 1422
stu2869 369 1065 720 354
stu287 540 1020 366 1369
stu2870 35 1017 1170 875
stu2871 1004 485 1180 1325
stu2872 318 1240 1006 52
stu2873 1464 1181 929 350
stu2874 64 457 1029 1179
stu2875 1004 322 845 101
stu2876 1313 871 1523 117
stu2877 371 74 471 1366
stu2878 1091 1036 72 1490
stu2879 916 1252 646 630
stu288 471 267 440 705
stu2880 927 1048 681 222
stu2881 664 46 571 123
stu2882 1462 35 1301 298
stu2883 1316 1541 398 460
stu2884 847 1316 577 1218
stu2885 1390 443 415 312
stu2886 874 486 1197 225
stu2887 1133 279 250 1456
stu2888 722 327 113 1385
stu2889 1332 684 903 1229
stu289 668 122 835 1525
stu2890 114 639 1526 826
stu2891 615 1320 1285 1461
stu2892 1071 297 510 292
stu2893 135 924 1563 1008
stu2894 806 592 629 374
stu2895 870 878 265 987
stu2896 1204 378 203 971
stu2897 457 1105 32 570
stu2898 179 953 1395 793
stu2899 708 1116 85 1175
stu29 1041 246 1402 416
stu290 746 99 1104 1326
stu2900 1412 1555 1466 943
stu2901 310 861 1346 1115
stu2902 1452 410 885 153
stu2903 684 1149 1139 1283
stu2904 922 1341 86 1378
stu2905 881 117 384 1059
stu2906 465 214 1247 1173
stu2907 725 727 783 1533
stu2908 717 80 911 1027
stu2909 940 692 1537 827
stu291 1501 1102 227 904
stu2910 498 857 979 577
stu2911 442 1513 295 759
stu2912 1289 1340 573 605
stu2913 852 352 1059 1317
stu2914 1525 137 321 686
stu2915 864 1103 654 976
stu2916 578 960 1398 914
stu2917 87 1371 176 1544
stu2918 663 551 556 500
stu2919 499 851 655 1184
stu292 79 1110 1443 1085
stu2920 22 623 224 874
stu2921 974 679 626 934
stu2922 815 342 1015 1074
stu2923 1444 104 486 1417
stu2924 459 319 766 546
stu2925 1085 338 525 184
stu2926 888 1081 79 782
stu2927 1327 129 401 744
stu2928 751 21 53 160
stu2929 699 74 490 909
stu293 1106 866 991 468
stu2930 415 900 419 1254
stu2931 400 904 1107 858
stu2932 618 1268 1403 139
stu2933 41 1324 1282 324
stu2934 236 756 1106 1562
stu2935 885 902 137 71
stu2936 922 190 1191 1016
stu2937 1223 116 361 1034
stu2938 1015 175 723 1414
stu2939 474 1225 104 1091
stu294 688 1333 901 624
stu2940 929 1506 625 969
stu2941 1265 342 1293 896
stu2942 1098 230 289 1378
stu2943 1131 426 1448 1449
stu2944 11 1074 900 1233
stu2945 585 656 702 996
stu2946 830 821 241 1303
stu2947 1441 344 226 805
stu2948 1246 850 1170 342
stu2949 1192 294 1238 121
stu295 788 663 428 655
stu2950 523 1526 894 1049
stu2951 387 777 933 397
stu2952 1247 1229 1026 1227
stu2953 320 1123 54 546
stu2954 379 1255 284 1216
stu2955 34 1469 456 675
stu2956 755 1021 1017 1342
stu2957 710 86 858 1232
stu2958 47 187 113 1394
stu2959 359 441 1186 1001
stu296 929 867 1359 992
stu2960 1065 647 664 1385
stu2961 1166 113 1326 940
stu2962 1367 1005 591 797
stu2963 910 1047 1471 100
stu2964 1463 319 837 609
stu2965 404 130 1236 1411
stu2966 316 744 636 70
stu2967 1185 257 1071 685
stu2968 300 1130 1465 1242
stu2969 1226 840 441 63
stu297 384 25 349 526
stu2970 827 633 972 1269
stu2971 1499 467 1167 254
stu2972 1303 1171 53 828
stu2973 843 1463 1143 22
stu2974 1494 1212 602 187
stu2975 114 1287 1446 1243
stu2976 583 742 317 1205
stu2977 977 153 1267 239
stu2978 785 70 1507 719
stu2979 536 506 972 1234
stu298 123 848 1247 1019
stu2980 112 421 497 954
stu2981 319 1035 372 1209
stu2982 78 973 1395 192
stu2983 91 672 830 674
stu2984 809 542 1274 221
stu2985 694 372 1420 1478
stu2986 441 758 29 372
stu2987 1263 1000 1001 1375
stu2988 816 1497 160 531
stu2989 363 531 175 440
stu299 386 1473 1318 464
stu2990 900 965 27 990
stu2991 72 253 1059 880
stu2992 794 164 496 1488
stu2993 535 1311 797 975
stu2994 505 825 742 203
stu2995 1221 178 973 472
stu2996 1070 1133 1002 1432
stu2997 1059 1176 1268 394
stu2998 576 1294 780 647
stu2999 1546 1234 922 776
stu3 874 22 669 736
stu30 628 1300 1047 367
stu300 1018 1197 944 559
stu3000 1398 814 95 368
stu301 498 370 422 582
stu302 138 719 601 322
stu303 1381 424 976 141
stu304 1290 166 529 1069
stu305 190 877 30 1272
stu306 160 1276 726 1505
stu307 580 479 1365 33
stu308 1071 744 1551 965
stu309 1114 409 942 647
stu31 826 708 1369 823
stu310 1127 1542 968 339
stu311 401 1339 479 1086
stu312 1504 1007 590 129
stu313 1279 16 796 835
stu314 687 1521 775 1267
stu315 1396 575 1299 902
stu316 1319 682 302 264
stu317 486 1243 306 48
stu318 616 670 1346 412
stu319 444 1220 1497 1344
stu32 133 1503 1096 546
stu320 59 1483 868 1337
stu321 1498 100 3 16
stu322 1016 778 1282 847
stu323 748 413 185 1462
stu324 1094 1446 1121 15
stu325 521 823 1022 1136
stu326 1492 803 1548 1331
stu327 1418 876 1110 1476
stu328 794 1374 645 123
stu329 1473 647 1099 924
stu33 251 463 930 1513
stu330 820 816 207 4
stu331 1228 1351 861 757
stu332 1232 418 167 1148
stu333 1240 1188 720 563
stu334 1386 99 1289 1240
stu335 370 231 547 560
stu336 40 1191 682 908
stu337 1234 216 267 489
stu338 428 1433 1452 91
stu339 615 749 244 1243
stu34 180 1000 1080 1029
stu340 562 410 826 1197
stu341 994 1545 1155 815
stu342 1039 879 1450 1409
stu343 1109 433 404 544
stu344 59 481 1451 1292
stu345 93 1114 1177 520
stu346 378 1064 6 993
stu347 1208 249 671 205
stu348 659 1496 797 1048
stu349 873 387 298 347
stu35 1296 26 582 833
stu350 662 184 1151 1166
stu351 616 1554 146 70
stu352 471 32 758 1523
stu353 541 370 478 919
stu354 1433 1443 347 473
stu355 128 1017 677 182
stu356 344 1474 1229 1216
stu357 1256 922 1563 353
stu358 1105 1149 1519 1116
stu359 535 1060 582 401
stu36 619 297 867 95
stu360 1091 1339 359 1028
stu361 1104 232 382 368
stu362 110 124 840 237
stu363 1140 1517 1378 879
stu364 822 1042 531 1473
stu365 1360 1489 1222 900
stu366 469 1176 1412 1003
stu367 671 429 799 1157
stu368 1163 1157 620 702
stu369 784 397 1069 894
stu37 1502 704 510 1525
stu370 520 1305 526 1055
stu371 1257 340 370 1474
stu372 777 900 778 572
stu373 220 435 868 688
stu374 1006 111 1087 112
stu375 1499 321 665 1097
stu376 874 680 1194 93
stu377 1077 94 382 992
stu378 1398 908 483 486
stu379 643 248 1355 815
stu38 1399 953 1287 56
stu380 543 569 783 762
stu381 399 86 845 1405
stu382 1156 1327 912 1090
stu383 84 12 18 353
stu384 88 607 1405 1164
stu385 700 223 1551 534
stu386 1130 469 415 208
stu387 716 206 418 654
stu388 170 1200 1415 568
stu389 681 92 408 272
stu39 1056 1092 879 1189
stu390 1418 1320 757 897
stu391 727 774 1249 814
stu392 776 1090 1373 1476
stu393 1312 1360 1405 273
stu394 1224 255 1440 1336
stu395 460 293 425 629
stu396 1493 276 1197 609
stu397 1327 1000 277 1180
stu398 755 1033 513 1482
stu399 1203 1157 127 414
stu4 577 238 274 1246
stu40 426 410 1130 72
stu400 682 1500 325 1389
stu401 1295 1125 97 350
stu402 1380 932 121 1235
stu403 1225 546 1260 1153
stu404 217 288 1157 1543
stu405 1287 1433 1158 1438
stu406 298 1066 751 1500
stu407 659 877 1309 736
stu408 812 1030 561 1502
stu409 590 53 288 1365
stu41 269 495 21 448
stu410 985 408 1036 645
stu411 349 731 1193 565
stu412 1018 181 1503 740
stu413 50 493 613 1307
stu414 1558 759 1242 48
stu415 72 382 784 279
stu416 1411 1344 217 437
stu417 1396 1464 237 212
stu418 1267 668 856 52
stu419 1398 1444 12 247
stu42 890 1100 1476 622
stu420 61 911 987 1070
stu421 1403 995 812 792
stu422 1150 1449 840 1221
stu423 266 59 895 1073
stu424 1402 507 1509 629
stu425 406 1141 841 109
stu426 245 1092 1120 1038
stu427 368 527 1285 1388
stu428 1437 103 893 1275
stu429 493 1100 1463 78
stu43 522 1453 1454 1140
stu430 984 738 694 645
stu431 796 25 153 29
stu432 531 1057 53 937
stu433 30 289 441 1234
stu434 1381 956 707 1144
stu435 1482 1387 967 1355
stu436 885 1255 461 1378
stu437 790 359 851 1169
stu438 1096 1545 1209 1287
stu439 965 1362 1315 1495
stu44 1145 152 630 479
stu440 250 1368 263 279
stu441 92 99 908 868
stu442 1054 1011 447 972
stu443 833 809 158 1114
stu444 499 14 323 1288
stu445 373 1173 288 864
stu446 549 1497 587 1513
stu447 690 1297 840 335
stu448 496 1102 614 588
stu449 1201 917 851 86
stu45 855 535 439 85
stu450 363 694 1057 592
stu451 1502 610 141 437
stu452 624 1423 1120 392
stu453 427 804 1255 976
stu454 736 1237 320 821
stu455 970 1159 1155 1465
stu456 93 1164 1448 1293
stu457 517 735 1378 275
stu458 1428 267 866 761
stu459 272 402 593 895
stu46 1487 1122 1101 979
stu460 260 1109 682 687
stu461 348 373 1058 479
stu462 1005 773 1299 1370
stu463 368 285 1271 460
stu464 1449 550 1148 1361
stu465 680 357 1031 543
stu466 19 333 700 291
stu467 130 1292 581 1350
stu468 836 1263 1432 579
stu469 1031 925 1057 471
stu47 649 415 1563 1074
stu470 1093 187 277 1460
stu471 472 943 1315 1316
stu472 1492 294 508 608
stu473 651 1538 546 65
stu474 1266 641 355 1396
stu475 369 936 1181 600
stu476 30 444 1179 1060
stu477 764 671 1530 292
stu478 254 1202 188 725
stu479 580 898 1436 1468
stu48 220 1128 1146 488
stu480 1192 379 1471 1238
stu481 352 1412 1302 54
stu482 489 1053 845 253
stu483 1384 1421 248 1413
stu484 300 1426 304 1063
stu485 1493 269 750 182
stu486 867 937 302 842
stu487 1231 1133 745 254
stu488 1511 47 1491 1258
stu489 1459 624 707 1343
stu49 1019 562 331 344
stu490 112 1551 991 1495
stu491 803 1238 739 498
stu492 496 1042 1560 424
stu493 707 746 1 9
stu494 1078 1262 850 140
stu495 830 991 393 776
stu496 1037 319 1429 327
stu497 339 572 105 450
stu498 1518 491 1341 153
stu499 165 515 650 660
stu5 234 1005 77 374
stu50 1057 1202 361 14
stu500 1557 42 479 95
stu501 787 479 103 1260
stu502 176 952 1400 401
stu503 1338 1188 1176 811
stu504 903 436 1137 1241
stu505 1007 638 1086 357
stu506 1128 862 509 688
stu507 773 1158 743 161
stu508 1199 1221 255 1381
stu509 1095 357 473 666
stu51 1091 250 549 67
stu510 704 1268 1066 478
stu511 891 677 684 229
stu512 1113 256 865 1515
stu513 289 387 1267 813
stu514 1248 211 1500 456
stu515 765 75 616 1359
stu516 1295 870 1176 826
stu517 622 1044 1491 1326
stu518 747 389 1199 73
stu519 461 318 1262 969
stu52 401 1178 545 651
stu520 1533 562 920 1218
stu521 948 622 466 28
stu522 229 1361 483 993
stu523 1435 495 787 562
stu524 760 1358 1387 1382
stu525 837 709 539 19
stu526 493 1133 1052 954
stu527 1450 145 358 814
stu528 706 1277 467 1050
stu529 1295 932 1077 919
stu53 1109 380 132 1031
stu530 125 955 347 1559
stu531 845 529 556 41
stu532 323 1338 818 555
stu533 1443 752 1534 371
stu534 320 417 720 1165
stu535 561 1078 1374 662
stu536 186 277 1107 1480
stu537 604 15 230 728
stu538 970 576 119 1210
stu539 501 674 1250 219
stu54 1501 1232 1405 585
stu540 1408 1463 773 682
stu541 46 138 448 1325
stu542 554 1168 321 510
stu543 681 131 568 866
stu544 407 110 178 1010
stu545 125 1367 1134 1094
stu546 379 1252 135 275
stu547 1321 781 493 560
stu548 679 661 1241 121
stu549 799 125 1445 748
stu55 1042 1403 1054 657
stu550 688 1162 1258 764
stu551 1292 261 1025 1094
stu552 370 1202 1499 1454
stu553 401 1068 379 779
stu554 755 514 449 1472
stu555 1294 941 467 1368
stu556 997 144 1488 1191
stu557 1228 765 375 351
stu558 362 1028 1114 89
stu559 1288 574 578 1053
stu56 363 31 1145 777
stu560 1172 512 339 8
stu561 976 717 182 166
stu562 1230 26 73 959
stu563 362 1500 763 1358
stu564 79 82 985 702
stu565 846 755 448 1207
stu566 218 1561 691 901
stu567 1530 664 1349 533
stu568 1176 123 1500 587
stu569 840 1077 148 505
stu57 1552 871 516 1045
stu570 498 1181 860 859
stu571 1116 58 653 590
stu572 1099 1033 1291 381
stu573 223 174 983 1400
stu574 1130 110 736 491
stu575 169 520 420 1344
stu576 643 1315 1326 878
stu577 828 1474 778 721
stu578 486 73 16 997
stu579 1090 64 22 625
stu58 509 877 454 995
stu580 1096 708 1005 714
stu581 881 1383 1509 1406
stu582 1492 680 332 1057
stu583 595 147 836 633
stu584 1462 1558 1510 121
stu585 863 120 841 1348
stu586 192 856 780 1282
stu587 919 197 1302 1410
stu588 904 138 1519 220
stu589 1520 1463 1021 844
stu59 522 1003 1061 319
stu590 1538 1352 336 569
stu591 895 1171 597 792
stu592 1164 1503 912 1422
stu593 58 1148 1205 1209
stu594 440 1380 926 754
stu595 12 59 1560 915
stu596 196 1514 530 152
stu597 809 1550 995 782
stu598 734 1330 746 64
stu599 332 1343 855 892
stu6 1438 821 20 689
stu60 12 42 969 1120
stu600 677 1162 749 734
stu601 745 1350 1338 580
stu602 1165 96 730 1177
stu603 154 725 1487 350
stu604 674 453 1461 1482
stu605 1398 891 96 567
stu606 52 841 26 383
stu607 15 276 670 691
stu608 1437 1419 820 14
stu609 1204 594 593 804
stu61 1381 496 1547 1317
stu610 689 1322 1376 842
stu611 1442 1299 587 552
stu612 1147 483 1429 980
stu613 1373 1524 943 820
stu614 197 968 1203 211
stu615 1244 308 902 512
stu616 1122 1117 525 761
stu617 146 514 961 230
stu618 1231 168 468 1109
stu619 862 1054 1056 444
stu62 163 1387 1297 600
stu620 933 316 820 741
stu621 276 198 957 472
stu622 561 595 78 1200
stu623 298 979 148 816
stu624 532 672 12 73
stu625 581 368 303 248
stu626 536 770 752 793
stu627 259 243 1237 1191
stu628 1518 1452 1328 1189
stu629 1045 116 1056 41
stu63 622 182 1257 380
stu630 710 1134 1241 403
stu631 548 1388 1218 475
stu632 1455 626 548 1432
stu633 389 246 115 320
stu634 1015 262 1113 669
stu635 1464 181 1256 1417
stu636 68 415 1042 1112
stu637 530 533 1152 635
stu638 102 224 433 46
stu639 1007 87 520 294
stu64 213 233 1156 200
stu640 108 463 161 496
stu641 708 1235 816 1118
stu642 1496 1324 223 1395
stu643 1504 874 1247 7
stu644 684 724 1118 1213
stu645 1257 101 1243 754
stu646 1285 111 799 727
stu647 1157 1319 1020 1264
stu648 1177 576 1156 321
stu649 246 1367 834 177
stu65 1103 1067 640 1007
stu650 1126 1056 7 1065
stu651 1325 650 467 444
stu652 1373 20 1052 461
stu653 1080 730 1215 800
stu654 237 1409 923 1393
stu655 559 1338 489 172
stu656 350 1040 1452 595
stu657 842 721 772 1363
stu658 1173 174 863 933
stu659 219 1329 1377 28
stu66 379 1094 437 901
stu660 744 260 1448 259
stu661 990 494 455 1226
stu662 339 1377 450 897
stu663 1150 938 464 895
stu664 413 351 1490 650
stu665 1072 93 448 76
stu666 1226 1310 1008 1445
stu667 470 216 868 609
stu668 476 751 868 861
stu669 641 718 522 979
stu67 1492 1498 1219 1503
stu670 1490 971 1271 1075
stu671 1305 171 406 1113
stu672 1481 1291 199 988
stu673 1383 646 459 1044
stu674 1352 1467 924 1217
stu675 1078 227 262 949
stu676 374 525 245 1014
stu677 1242 162 1388 1167
stu678 529 490 73 269
stu679 56 1438 777 1537
stu68 935 19 455 147
stu680 560 975 356 378
stu681 1017 815 818 200
stu682 113 1137 1416 1190
stu683 760 113 575 529
stu684 33 215 938 670
stu685 377 761 1232 301
stu686 646 701 1529 702
stu687 574 741 70 1134
stu688 152 425 907 564
stu689 635 1120 763 747
stu69 1475 437 859 73
stu690 89 614 373 848
stu691 123 343 1376 155
stu692 1517 749 221 1289
stu693 905 1452 25 1550
stu694 588 1553 83 1162
stu695 730 152 127 277
stu696 1537 429 840 607
stu697 945 38 1354 1033
stu698 47 1122 316 169
stu699 860 1087 1284 208
stu7 187 516 1072 740
stu70 1219 591 69 1236
stu700 1231 1504 1497 571
stu701 1391 917 1516 415
stu702 906 995 972 1031
stu703 1146 494 703 514
stu704 318 1542 1121 1262
stu705 975 910 730 417
stu706 1427 441 586 722
stu707 1527 1265 929 1193
stu708 1204 257 1159 426
stu709 1174 507 236 1475
stu71 772 1325 51 380
stu710 1501 603 941 478
stu711 1096 79 992 810
stu712 1016 548 507 1386
stu713 853 633 238 111
stu714 1073 219 228 432
stu715 1483 552 1020 518
stu716 809 11 340 1378
stu717 517 575 1288 453
stu718 1178 664 326 105
stu719 138 1317 914 549
stu72 1557 602 1540 491
stu720 1260 817 1330 1508
stu721 845 963 54 1313
stu722 1182 1241 1140 496
stu723 229 596 410 433
stu724 2 749 246 518
stu725 719 1533 366 332
stu726 28 691 1397 1125
stu727 1404 142 1069 1099
stu728 354 230 439 1198
stu729 1192 1452 947 205
stu73 105 11 1498 483
stu730 1129 522 97 753
stu731 513 506 1185 514
stu732 650 1430 427 1368
stu733 794 792 1096 821
stu734 1483 928 1341 1322
stu735 465 845 252 819
stu736 470 690 452 97
stu737 578 794 1262 1102
stu738 712 1358 290 620
stu739 1259 1474 530 344
stu74 1104 370 779 1031
stu740 735 956 1107 1528
stu741 1144 638 180 458
stu742 961 916 1175 1426
stu743 1156 1426 680 61
stu744 1512 527 157 1485
stu745 717 814 1022 824
stu746 607 707 1443 301
stu747 12 408 40 746
stu748 760 1147 105 339
stu749 220 1244 796 577
stu75 1263 1393 366 29
stu750 595 406 438 186
stu751 1227 513 1206 1174
stu752 1039 1362 490 1151
stu753 8 907 410 614
stu754 49 1249 311 60
stu755 92 1310 201 247
stu756 892 1265 585 508
stu757 944 776 1084 934
stu758 577 917 1119 240
stu759 1429 760 809 299
stu76 808 820 175 718
stu760 1518 1299 1450 1525
stu761 641 1255 1534 690
stu762 939 1240 145 427
stu763 986 1306 673 1273
stu764 1006 654 1176 386
stu765 1429 695 1319 442
stu766 1007 270 77 871
stu767 425 885 566 1338
stu768 619 451 1298 656
stu769 141 664 741 476
stu77 652 1033 186 1266
stu770 1299 281 902 720
stu771 22 10 1389 1028
stu772 663 1000 809 1488
stu773 1091 563 365 533
stu774 228 1401 1404 653
stu775 721 1365 426 736
stu776 251 1120 1391 1351
stu777 1179 1527 262 913
stu778 243 559 1029 265
stu779 569 853 1292 627
stu78 1019 254 938 1187
stu780 288 536 550 1378
stu781 494 310 347 118
stu782 146 1146 770 263
stu783 946 591 998 592
stu784 1106 220 1338 720
stu785 182 36 1029 424
stu786 594 493 688 558
stu787 1345 1375 1185 68
stu788 1306 1130 842 236
stu789 1440 1188 353 981
stu79 974 988 962 362
stu790 165 518 1243 1110
stu791 504 72 137 46
stu792 291 1474 161 472
stu793 905 1189 292 895
stu794 117 979 848 857
stu795 186 1428 321 1491
stu796 994 1162 1122 265
stu797 785 1474 1245 949
stu798 1387 320 1454 327
stu799 391 986 372 682
stu8 1151 343 242 735
stu80 26 333 853 1090
stu800 291 532 549 592
stu801 1117 840 882 629
stu802 1215 165 1486 1400
stu803 29 242 1326 418
stu804 1403 280 682 19
stu805 189 362 363 972
stu806 681 1212 1298 1072
stu807 633 1065 1149 319
stu808 32 133 910 544
stu809 973 227 1173 19
stu81 344 786 968 1447
stu810 1352 1094 1418 776
stu811 731 575 1193 1529
stu812 854 310 1547 439
stu813 67 1305 1410 144
stu814 952 539 1215 20
stu815 39 195 1298 70
stu816 327 644 10 695
stu817 266 1182 713 53
stu818 107 1526 224 837
stu819 1497 1416 801 182
stu82 1155 1143 310 250
stu820 1121 179 620 1188
stu821 1483 1425 1331 870
stu822 399 377 285 437
stu823 1531 18 1467 1253
stu824 57 1476 384 323
stu825 1093 492 1335 1199
stu826 1414 1559 1431 742
stu827 806 667 923 363
stu828 845 939 946 159
stu829 195 108 1028 594
stu83 971 675 278 1174
stu830 1444 708 426 1410
stu831 725 328 1098 782
stu832 1199 877 500 123
stu833 765 270 717 614
stu834 1224 583 1355 466
stu835 645 109 224 885
stu836 1047 1169 1043 1242
stu837 672 506 1231 551
stu838 609 92 1356 1334
stu839 1380 889 1511 410
stu84 890 1413 327 1541
stu840 1162 446 533 362
stu841 111 645 371 731
stu842 624 1121 592 1268
stu843 1229 815 589 108
stu844 1379 67 1349 486
stu845 1533 411 432 577
stu846 1462 223 1306 673
stu847 507 648 1083 104
stu848 489 1011 1425 600
stu849 91 231 726 714
stu85 277 513 638 1296
stu850 1351 1317 1378 1016
stu851 567 402 1123 1341
stu852 1428 303 1222 792
stu853 109 89 765 6
stu854 1271 1466 679 213
stu855 550 1157 1277 1038
stu856 1563 1137 1033 1049
stu857 1368 194 1159 1154
stu858 1510 972 1 1472
stu859 769 1123 644 28
stu86 162 11 314 1136
stu860 821 301 216 929
stu861 1349 376 331 1055
stu862 277 405 1268 826
stu863 957 980 1260 955
stu864 552 728 439 1315
stu865 318 33 905 1223
stu866 400 905 527 1168
stu867 1424 1170 592 76
stu868 867 807 401 651
stu869 1182 731 142 854
stu87 999 1275 1497 420
stu870 531 805 1076 1487
stu871 1180 771 273 167
stu872 894 107 878 607
stu873 1100 218 266 1499
stu874 518 792 499 1337
stu875 1357 1090 1413 659
stu876 1292 249 1310 305
stu877 375 847 1158 301
stu878 87 669 223 1266
stu879 835 1455 828 1125
stu88 44 785 905 387
stu880 1561 141 167 1096
stu881 1318 432 1031 272
stu882 619 925 44 412
stu883 1410 852 466 533
stu884 1100 1171 837 870
stu885 453 1390 1170 1499
stu886 1455 788 596 725
stu887 678 820 285 71
stu888 960 1412 1166 110
stu889 279 28 1341 294
stu89 966 308 1229 1517
stu890 348 780 101 193
stu891 68 566 725 563
stu892 1133 957 829 21
stu893 783 434 916 673
stu894 618 1511 793 691
stu895 766 1078 761 1122
stu896 321 1323 1231 599
stu897 1350 1007 288 134
stu898 222 388 1286 1249
stu899 350 447 248 1482
stu9 997 1368 265 87
stu90 1450 1538 202 253
stu900 1403 1076 1502 17
stu901 905 249 689 918
stu902 196 878 45 961
stu903 391 805 1478 107
stu904 1523 1144 705 1309
stu905 1546 389 838 1164
stu906 776 559 848 1125
stu907 401 491 1042 1200
stu908 962 376 1216 1263
stu909 624 1301 616 215
stu91 648 1439 1426 1537
stu910 614 56 572 400
stu911 257 485 506 215
stu912 1025 606 1523 1006
stu913 994 192 1 1166
stu914 147 245 726 547
stu915 131 1164 1142 1093
stu916 935 190 187 954
stu917 1490 198 1169 1499
stu918 254 1136 1294 510
stu919 1016 235 724 476
stu92 1287 1149 909 960
stu920 236 79 878 1230
stu921 1230 878 831 1376
stu922 518 952 1319 649
stu923 1511 896 1137 881
stu924 1085 1323 1231 406
stu925 916 231 340 1169
stu926 1366 1029 114 817
stu927 1263 234 689 1499
stu928 312 2 560 1541
stu929 275 786 749 793
stu93 97 1547 691 1218
stu930 173 503 837 120
stu931 794 409 396 1275
stu932 1127 62 116 478
stu933 1252 1416 1043 1053
stu934 880 552 1266 1539
stu935 785 390 869 492
stu936 1351 1428 1429 61
stu937 45 613 249 1177
stu938 511 481 1296 1304
stu939 285 1088 410 1411
stu94 1557 1004 185 387
stu940 545 526 1285 233
stu941 1337 159 681 48
stu942 710 382 22 1495
stu943 167 286 1382 1517
stu944 1109 1246 974 1153
stu945 1254 618 766 200
stu946 1099 1457 900 1383
stu947 376 1309 626 921
stu948 1230 1306 549 398
stu949 1464 1229 446 5
stu95 110 1078 202 153
stu950 1007 1427 895 1173
stu951 149 713 522 653
stu952 1354 1495 242 1044
stu953 548 403 639 1042
stu954 295 934 257 671
stu955 75 882 987 700
stu956 19 1535 1098 878
stu957 1199 1543 882 641
stu958 801 213 1210 345
stu959 321 167 998 110
stu96 1258 502 1499 660
stu960 1057 1239 549 1000
stu961 1037 584 478 1331
stu962 1517 734 1397 987
stu963 1011 215 123 1029
stu964 185 1220 342 780
stu965 594 619 816 790
stu966 831 461 1135 1151
stu967 23 568 657 1079
stu968 1202 601 515 674
stu969 1184 388 1400 533
stu97 810 1164 612 91
stu970 517 629 1519 1527
stu971 843 77 387 424
stu972 692 124 1203 681
stu973 742 454 1471 9
stu974 311 1041 555 333
stu975 1004 607 1412 641
stu976 1208 1322 710 827
stu977 145 1505 1359 661
stu978 1529 710 19 808
stu979 182 405 1231 874
stu98 1137 813 343 221
stu980 528 265 950 665
stu981 718 856 673 1028
stu982 1292 624 1361 731
stu983 1230 604 767 873
stu984 361 872 1096 1465
stu985 813 890 561 777
stu986 995 1539 980 1177
stu987 1339 42 1446 1262
stu988 306 831 362 1024
stu989 123 431 1447 1414
stu99 687 1165 1153 1370
stu990 1054 639 581 115
stu991 1242 743 988 998
stu992 51 1479 898 259
stu993 804 854 1035 1195
stu994 828 1411 807 602
stu995 1452 688 299 1154
stu996 1518 661 9 76
stu997 487 1455 886 1540
stu998 530 862 90 1167
stu999 40 473 601 90
