stu1 357 20 208 136
stu10 263 22 338 446
stu100 510 302 322 256
stu101 490 483 442 498
stu102 158 402 218 94
stu103 523 408 36 369
stu104 56 406 362 206
stu105 495 336 496 294
stu106 213 93 167 398
stu107 96 99 412 32
stu108 401 160 280 325
stu109 69 156 257 226
stu11 403 115 215 544
stu110 550 466 319 499
stu111 301 347 302 348
stu112 187 98 545 116
stu113 425 475 401 65
stu114 2 454 98 101
stu115 300 121 493 452
stu116 392 244 512 540
stu117 493 165 524 385
stu118 483 457 120 256
stu119 193 468 443 282
stu12 110 106 158 150
stu120 447 550 141 357
stu121 386 197 358 387
stu122 86 447 479 377
stu123 560 398 255 386
stu124 77 202 360 4
stu125 366 318 388 275
stu126 201 508 531 385
stu127 410 408 101 283
stu128 392 234 74 204
stu129 430 432 18 507
stu13 488 70 348 216
stu130 305 496 319 299
stu131 329 8 120 397
stu132 201 471 400 1
stu133 216 214 276 416
stu134 148 233 236 549
stu135 75 328 267 458
stu136 553 340 89 418
stu137 198 106 351 495
stu138 36 104 228 356
stu139 104 339 187 304
stu14 27 541 160 444
stu140 245 13 297 452
stu141 227 7 302 374
stu142 239 529 358 305
stu143 284 59 189 271
stu144 390 277 115 15
stu145 382 466 509 410
stu146 4 163 192 99
stu147 502 371 395 173
stu148 383 126 59 44
stu149 132 352 410 362
stu15 10 84 494 146
stu150 308 202 93 26
stu151 252 273 296 68
stu152 542 403 82 350
stu153 303 25 186 298
stu154 188 378 397 116
stu155 183 226 288 565
stu156 351 338 36 474
stu157 124 445 262 423
stu158 73 354 440 324
stu159 53 171 391 29
stu16 459 335 301 476
stu160 565 465 379 302
stu161 489 564 34 103
stu162 368 422 218 550
stu163 74 497 542 424
stu164 269 12 324 385
stu165 448 20 242 520
stu166 365 117 270 410
stu167 279 87 438 270
stu168 551 243 6 467
stu169 234 39 561 28
stu17 303 477 165 325
stu170 453 214 13 526
stu171 137 546 377 406
stu172 549 135 217 431
stu173 147 450 377 511
stu174 558 73 347 263
stu175 151 220 532 129
stu176 454 537 22 122
stu177 3 17 142 455
stu178 222 154 407 359
stu179 126 218 191 109
stu18 249 38 154 356
stu180 353 399 531 491
stu181 283 334 428 268
stu182 398 210 530 540
stu183 429 497 103 309
stu184 460 116 423 454
stu185 133 564 335 346
stu186 144 177 131 269
stu187 394 321 369 173
stu188 146 334 98 429
stu189 94 518 131 491
stu19 252 132 465 357
stu190 162 87 457 17
stu191 18 560 325 470
stu192 110 182 358 234
stu193 172 128 7 315
stu194 304 137 10 124
stu195 450 378 289 30
stu196 138 378 450 231
stu197 330 7 148 491
stu198 94 40 507 103
stu199 26 259 7 127
stu2 22 245 54 162
stu20 241 49 507 156
stu200 432 357 361 39
stu201 484 359 345 214
stu202 487 355 337 371
stu203 167 52 393 305
stu204 430 277 535 194
stu205 276 110 112 369
stu206 149 53 463 174
stu207 303 470 300 170
stu208 253 87 200 171
stu209 437 544 376 359
stu21 118 281 371 136
stu210 333 139 164 492
stu211 191 548 223 55
stu212 252 184 240 527
stu213 293 351 322 441
stu214 396 219 41 133
stu215 115 333 294 367
stu216 411 493 529 283
stu217 464 339 76 223
stu218 478 231 149 95
stu219 214 371 141 465
stu22 257 522 15 258
stu220 555 380 418 274
stu221 166 174 142 553
stu222 384 182 120 491
stu223 514 406 292 352
stu224 333 248 69 231
stu225 13 144 454 490
stu226 374 29 11 14
stu227 392 151 478 381
stu228 531 322 89 123
stu229 495 222 102 306
stu23 32 508 396 490
stu230 404 213 231 344
stu231 53 522 130 378
stu232 196 198 43 209
stu233 333 488 125 134
stu234 509 136 147 335
stu235 286 60 142 243
stu236 381 222 357 303
stu237 444 458 43 274
stu238 106 273 52 158
stu239 221 174 535 409
stu24 269 131 393 6
stu240 363 5 52 131
stu241 484 176 264 419
stu242 303 410 180 24
stu243 461 321 258 269
stu244 535 50 6 413
stu245 499 40 113 39
stu246 304 164 189 516
stu247 329 150 359 119
stu248 146 410 241 65
stu249 13 504 475 315
stu25 43 557 322 283
stu250 340 90 330 228
stu251 410 15 496 371
stu252 56 493 218 554
stu253 524 330 28 262
stu254 486 216 204 241
stu255 357 563 359 503
stu256 399 34 559 403
stu257 529 468 145 296
stu258 557 474 523 394
stu259 480 445 199 535
stu26 29 476 73 272
stu260 364 409 524 314
stu261 165 543 2 77
stu262 185 205 318 541
stu263 202 103 478 28
stu264 137 471 430 92
stu265 366 9 387 357
stu266 475 336 185 381
stu267 207 376 351 562
stu268 219 301 310 383
stu269 278 311 460 462
stu27 42 529 64 275
stu270 516 204 429 144
stu271 306 342 163 434
stu272 239 28 518 39
stu273 28 339 388 494
stu274 102 564 310 300
stu275 374 87 297 19
stu276 387 33 402 99
stu277 344 288 552 286
stu278 491 415 421 223
stu279 183 19 84 414
stu28 13 562 430 122
stu280 38 36 444 65
stu281 366 266 551 467
stu282 265 295 194 65
stu283 381 490 84 202
stu284 514 477 292 199
stu285 270 4 116 111
stu286 425 338 286 443
stu287 413 134 472 448
stu288 4 536 249 270
stu289 521 142 526 242
stu29 277 227 258 525
stu290 335 17 57 251
stu291 100 250 200 11
stu292 533 483 201 237
stu293 487 316 340 338
stu294 81 60 207 493
stu295 185 113 376 188
stu296 75 59 449 31
stu297 200 401 264 527
stu298 418 313 212 517
stu299 562 411 520 522
stu3 184 382 351 342
stu30 184 264 210 215
stu300 321 155 185 242
stu301 471 524 6 543
stu302 18 212 470 194
stu303 324 272 382 398
stu304 322 257 420 522
stu305 93 111 475 510
stu306 423 121 453 419
stu307 524 407 367 279
stu308 562 552 512 459
stu309 510 509 436 520
stu31 198 40 132 466
stu310 155 340 148 470
stu311 39 521 294 360
stu312 213 141 308 305
stu313 251 217 241 108
stu314 338 128 518 288
stu315 535 320 558 523
stu316 298 496 416 242
stu317 439 286 188 28
stu318 52 328 489 90
stu319 283 217 442 487
stu32 162 524 471 204
stu320 349 184 218 34
stu321 401 450 133 165
stu322 13 78 452 539
stu323 397 444 488 121
stu324 374 338 354 247
stu325 50 542 266 93
stu326 296 189 183 13
stu327 397 59 492 173
stu328 234 144 198 69
stu329 29 331 233 33
stu33 507 228 479 528
stu330 408 119 563 231
stu331 554 485 351 362
stu332 257 139 35 298
stu333 107 292 390 402
stu334 472 564 407 304
stu335 49 325 468 283
stu336 460 100 351 480
stu337 422 19 512 256
stu338 129 501 486 118
stu339 420 263 471 103
stu34 138 543 226 171
stu340 394 506 400 492
stu341 232 225 321 139
stu342 223 162 434 264
stu343 478 336 546 372
stu344 427 331 287 284
stu345 341 233 539 470
stu346 169 452 14 15
stu347 141 484 118 526
stu348 424 517 453 83
stu349 168 200 213 383
stu35 499 281 445 511
stu350 353 81 265 408
stu351 53 71 261 383
stu352 357 536 151 17
stu353 502 55 177 388
stu354 68 191 520 551
stu355 300 473 402 244
stu356 352 476 411 551
stu357 123 220 338 195
stu358 292 37 29 344
stu359 99 289 162 456
stu36 277 309 59 546
stu360 260 304 464 188
stu361 358 75 10 417
stu362 257 521 394 557
stu363 428 222 235 214
stu364 132 72 191 246
stu365 284 528 440 10
stu366 556 460 354 90
stu367 176 507 537 435
stu368 245 435 57 29
stu369 509 58 437 192
stu37 536 316 497 146
stu370 5 265 183 425
stu371 479 409 65 37
stu372 481 256 283 199
stu373 210 149 200 201
stu374 44 553 290 219
stu375 486 253 80 165
stu376 122 128 185 57
stu377 177 56 248 173
stu378 321 423 32 226
stu379 266 97 262 173
stu38 14 133 352 211
stu380 344 544 363 553
stu381 128 563 188 163
stu382 542 469 373 463
stu383 148 444 54 269
stu384 6 239 317 174
stu385 294 565 346 41
stu386 414 370 266 106
stu387 458 528 279 236
stu388 498 68 215 52
stu389 57 395 206 34
stu39 164 475 103 326
stu390 290 13 488 438
stu391 456 541 141 453
stu392 206 450 61 500
stu393 441 399 532 289
stu394 203 225 394 87
stu395 179 99 314 111
stu396 159 528 155 215
stu397 357 360 240 82
stu398 373 154 519 255
stu399 130 86 143 335
stu4 149 3 457 132
stu40 425 9 521 367
stu400 535 195 261 410
stu401 28 220 125 222
stu402 444 511 308 57
stu403 36 56 167 194
stu404 11 321 401 367
stu405 116 75 440 480
stu406 229 393 169 350
stu407 471 303 111 432
stu408 498 364 269 517
stu409 18 393 174 461
stu41 228 434 321 357
stu410 330 473 517 366
stu411 521 110 551 531
stu412 423 386 332 530
stu413 453 199 444 108
stu414 18 39 449 488
stu415 342 559 347 266
stu416 349 50 217 366
stu417 434 382 261 199
stu418 290 204 556 237
stu419 314 541 202 171
stu42 412 546 519 345
stu420 362 525 135 241
stu421 158 5 348 176
stu422 43 231 90 376
stu423 216 436 76 565
stu424 485 285 365 346
stu425 101 53 536 382
stu426 256 526 45 561
stu427 501 246 158 289
stu428 198 284 529 347
stu429 288 311 514 323
stu43 262 399 282 530
stu430 533 39 125 184
stu431 466 201 183 378
stu432 477 547 158 4
stu433 34 128 386 282
stu434 80 430 269 7
stu435 103 427 296 292
stu436 145 251 73 425
stu437 554 14 182 521
stu438 52 298 139 517
stu439 498 321 401 295
stu44 134 340 502 96
stu440 478 405 320 32
stu441 217 28 111 73
stu442 297 118 167 158
stu443 405 458 294 90
stu444 523 153 78 536
stu445 326 26 14 59
stu446 164 522 548 477
stu447 278 384 206 190
stu448 215 517 214 431
stu449 545 316 503 268
stu45 83 434 241 96
stu450 433 97 425 264
stu451 554 145 346 503
stu452 298 415 473 50
stu453 440 486 108 39
stu454 435 83 507 147
stu455 458 139 336 107
stu456 90 541 529 61
stu457 292 458 328 151
stu458 554 179 415 543
stu459 324 195 472 56
stu46 558 20 299 157
stu460 44 380 97 476
stu461 292 205 514 161
stu462 279 455 307 171
stu463 20 70 269 109
stu464 37 232 170 328
stu465 124 489 479 113
stu466 103 328 82 426
stu467 514 553 473 549
stu468 359 4 459 78
stu469 200 399 230 478
stu47 494 401 482 354
stu470 280 529 75 299
stu471 25 343 400 61
stu472 9 561 389 125
stu473 484 302 237 13
stu474 56 310 438 561
stu475 289 337 536 75
stu476 341 422 144 540
stu477 255 373 445 527
stu478 328 519 252 352
stu479 297 86 405 81
stu48 401 437 147 55
stu480 228 421 557 521
stu481 92 4 3 393
stu482 434 555 109 205
stu483 525 183 537 381
stu484 326 504 63 125
stu485 383 24 453 336
stu486 275 231 59 353
stu487 70 356 425 289
stu488 211 416 236 295
stu489 412 238 114 280
stu49 306 467 403 144
stu490 227 222 476 179
stu491 396 440 559 148
stu492 378 56 273 195
stu493 71 152 522 338
stu494 374 8 125 444
stu495 355 549 159 565
stu496 392 395 286 238
stu497 59 400 509 278
stu498 48 411 456 444
stu499 285 441 26 97
stu5 57 53 379 477
stu50 439 357 488 127
stu500 497 290 283 559
stu51 190 196 92 315
stu52 535 20 411 44
stu53 453 78 140 446
stu54 97 430 29 18
stu55 257 510 371 85
stu56 373 509 131 105
stu57 410 534 248 275
stu58 325 162 402 506
stu59 357 485 255 319
stu6 199 302 531 194
stu60 504 100 362 384
stu61 170 493 256 266
stu62 349 284 283 41
stu63 220 80 117 27
stu64 23 247 132 424
stu65 215 371 134 531
stu66 533 527 463 316
stu67 438 145 61 376
stu68 236 423 186 405
stu69 342 441 98 126
stu7 509 418 35 498
stu70 151 380 158 370
stu71 452 266 389 474
stu72 512 325 154 309
stu73 450 111 268 411
stu74 1 19 275 145
stu75 71 77 372 485
stu76 263 204 262 130
stu77 301 379 281 107
stu78 528 77 558 228
stu79 457 459 174 395
stu8 58 145 384 407
stu80 218 319 139 102
stu81 430 406 504 422
stu82 416 213 1 487
stu83 289 364 406 543
stu84 2 94 108 294
stu85 472 380 401 434
stu86 448 385 88 340
stu87 278 262 169 487
stu88 7 299 15 436
stu89 140 510 292 555
stu9 164 18 542 177
stu90 149 284 476 430
stu91 75 309 407 68
stu92 402 506 362 301
stu93 320 197 161 195
stu94 16 249 526 286
stu95 510 121 199 508
stu96 420 214 371 559
stu97 158 89 540 299
stu98 373 451 163 439
stu99 186 4 506 22
