stu1 11 5 14 7
stu10 14 3 11 1
stu11 9 14 8 4
stu12 12 10 2 7
stu13 9 14 7 2
stu14 7 9 8 12
stu15 10 8 5 11
stu16 2 8 3 6
stu17 3 8 5 12
stu18 4 12 1 13
stu19 6 2 12 1
stu2 11 7 12 3
stu20 10 6 14 5
stu21 11 9 12 13
stu22 3 12 6 4
stu23 3 8 11 7
stu24 10 1 5 2
stu25 5 6 13 10
stu26 5 2 7 4
stu27 11 12 1 10
stu28 9 6 4 2
stu29 1 2 10 7
stu3 11 8 4 1
stu30 5 12 14 2
stu31 3 7 14 12
stu32 12 14 1 10
stu33 10 5 11 14
stu34 8 7 10 14
stu35 2 10 3 4
stu36 8 7 1 5
stu37 6 1 11 10
stu38 6 3 10 12
stu39 3 9 6 2
stu4 9 5 10 12
stu40 14 10 9 6
stu41 9 11 1 10
stu42 13 12 3 6
stu43 10 5 9 11
stu44 13 12 6 5
stu45 14 1 8 9
stu46 1 2 14 3
stu47 2 9 11 5
stu48 1 5 6 9
stu49 2 14 4 9
stu5 13 5 14 12
stu50 4 3 6 12
stu51 14 5 7 4
stu52 7 5 2 12
stu53 13 3 14 11
stu54 5 13 1 4
stu55 4 12 5 3
stu56 14 2 9 1
stu57 3 13 7 12
stu58 10 9 4 13
stu59 13 8 1 10
stu6 13 14 3 1
stu60 7 3 1 5
stu61 3 4 6 7
stu62 2 8 1 13
stu63 10 12 3 5
stu64 8 9 6 7
stu65 2 6 3 7
stu66 4 10 6 11
stu67 11 12 14 1
stu68 13 6 11 8
stu69 9 6 3 10
stu7 1 7 8 4
stu70 10 4 3 14
stu71 11 2 3 5
stu72 9 3 8 4
stu73 10 14 6 9
stu74 12 5 7 3
stu75 10 1 9 4
stu76 4 13 6 10
stu77 2 13 10 3
stu78 7 10 9 8
stu79 6 9 14 3
stu8 3 10 1 9
stu80 13 4 5 9
stu81 4 3 7 10
stu82 6 10 12 4
stu83 7 3 14 2
stu84 2 12 14 11
stu85 13 4 6 7
stu86 12 9 10 1
stu87 2 7 1 14
stu88 10 5 6 11
stu89 5 13 6 8
stu9 6 7 10 8
stu90 6 1 9 12
stu91 3 8 12 2
stu92 6 11 10 4
stu93 1 14 8 10
stu94 8 3 9 7
